0.000000
-504.013672
16.590458
9.236979
6.549692
5.110570
4.202456
3.573551
3.110732
2.755318
2.473470
2.244325
2.054296
1.894080
1.757110
1.638692
1.535247
1.444108
1.363195
1.290869
1.225828
1.167022
1.113587
1.064833
1.020139
0.979042
0.941118
0.906011
0.873403
0.843064
0.814744
0.788259
0.763408
0.740082
0.718130
0.697424
0.677852
0.659361
0.641848
0.625208
0.609374
0.594365
0.580057
0.566386
0.553352
0.540886
0.528961
0.517545
0.506589
0.496103
0.486028
0.476325
0.467011
0.458036
0.449399
0.441068
0.433031
0.425276
0.417790
0.410545
0.403547
0.396772
0.390217
0.383898
0.377713
0.371748
0.365956
0.360339
0.354884
0.349584
0.344431
0.339442
0.334560
0.329828
0.325210
0.320720
0.316341
0.312095
0.307925
0.303885
0.299921
0.296050
0.292294
0.288610
0.285026
0.281521
0.278090
0.274751
0.271461
0.268268
0.265117
0.262040
0.259049
0.256118
0.253224
0.250404
0.247642
0.244936
0.242277
0.239671
0.237125
0.234617
0.232169
0.229761
0.227392
0.225070
0.222793
0.220555
0.218355
0.216196
0.214078
0.211993
0.209937
0.207924
0.205962
0.204004
0.202101
0.200210
0.198353
0.196533
0.194741
0.192973
0.191223
0.189524
0.187839
0.186178
0.184548
0.182935
0.181353
0.179791
0.178242
0.176733
0.175232
0.173761
0.172294
0.170879
0.169466
0.168066
0.166698
0.165335
0.163998
0.162679
0.161374
0.160087
0.158823
0.157570
0.156332
0.155111
0.153905
0.152714
0.151539
0.150377
0.149230
0.148101
0.146979
0.145868
0.144777
0.143698
0.142629
0.141581
0.140531
0.139497
0.138476
0.137494
0.136480
0.135491
0.134516
0.133562
0.132598
0.131673
0.130722
0.129814
0.128885
0.127992
0.127083
0.126184
0.125327
0.124481
0.123591
0.122733
0.121906
0.121070
0.120247
0.119430
0.118620
0.117820
0.117024
0.116236
0.115461
0.114689
0.113926
0.113181
0.112418
0.111673
0.110936
0.110207
0.109483
0.108766
0.108060
0.107355
0.106654
0.105965
0.105269
0.104589
0.103935
0.103253
0.102591
0.101932
0.101289
0.100631
0.100006
0.099358
0.098737
0.098099
0.097457
0.096865
0.096257
0.095646
0.095053
0.094444
0.093849
0.093261
0.092669
0.092103
0.091518
0.090955
0.090384
0.089833
0.089273
0.088715
0.088162
0.087624
0.087078
0.086544
0.086008
0.085475
0.084947
0.084428
0.083905
0.083393
0.082880
0.082367
0.081862
0.081358
0.080861
0.080360
0.079873
0.079365
0.078889
0.078421
0.077929
0.077482
0.076984
0.076498
0.076041
0.075576
0.075113
0.074639
0.074197
0.073727
0.073293
0.072843
0.072394
0.071919
0.071522
0.071075
0.070647
0.070217
0.069777
0.069352
0.068922
0.068496
0.068082
0.067661
0.067248
0.066833
0.066420
0.066011
0.065603
0.065196
0.064798
0.064399
0.063993
0.063597
0.063205
0.062813
0.062422
0.062043
0.061638
0.061259
0.060868
0.060491
0.060126
0.059739
0.059379
0.058993
0.058641
0.058252
0.057892
0.057516
0.057145
0.056793
0.056448
0.056067
0.055717
0.055355
0.055002
0.054643
0.054292
0.053944
0.053598
0.053248
0.052908
0.052558
0.052217
0.051872
0.051537
0.051192
0.050857
0.050527
0.050190
0.049862
0.049527
0.049194
0.048868
0.048540
0.048218
0.047875
0.047559
0.047249
0.046925
0.046590
0.046280
0.045964
0.045647
0.045340
0.045020
0.044719
0.044397
0.044085
0.043777
0.043476
0.043161
0.042857
0.042550
0.042238
0.041944
0.041640
0.041340
0.041029
0.040745
0.040435
0.040156
0.039859
0.039557
0.039266
0.038970
0.038680
0.038388
0.038098
0.037809
0.037521
0.037233
0.036947
0.036660
0.036375
0.036090
0.035805
0.035529
0.035246
0.034963
0.034682
0.034409
0.034125
0.033857
0.033574
0.033289
0.033016
0.032758
0.032473
0.032212
0.031929
0.031645
0.031383
0.031140
0.030846
0.030571
0.030306
0.030032
0.029775
0.029513
0.029242
0.028992
0.028704
0.028440
0.028183
0.027919
0.027659
0.027397
0.027135
0.026873
0.026619
0.026360
0.026097
0.025840
0.025583
0.025326
0.025070
0.024815
0.024559
0.024306
0.024039
0.023790
0.023542
0.023283
0.023052
0.022789
0.022532
0.022283
0.022029
0.021780
0.021549
0.021285
0.021038
0.020786
0.020568
0.020293
0.020046
0.019798
0.019561
0.019304
0.019049
0.018816
0.018571
0.018325
0.018072
0.017844
0.017610
0.017347
0.017103
0.016868
0.016624
0.016385
0.016142
0.015902
0.015661
0.015421
0.015182
0.014941
0.014703
0.014463
0.014224
0.013984
0.013744
0.013510
0.013267
0.013044
0.012801
0.012560
0.012326
0.012080
0.011850
0.011614
0.011376
0.011134
0.010907
0.010667
0.010437
0.010194
0.009966
0.009746
0.009498
0.009251
0.009032
0.008800
0.008562
0.008333
0.008095
0.007857
0.007630
0.007395
0.007162
0.006920
0.006709
0.006478
0.006236
0.006009
0.005770
0.005538
0.005309
0.005078
0.004846
0.004616
0.004381
0.004151
0.003921
0.003690
0.003463
0.003230
0.002994
0.002766
0.002534
0.002306
0.002064
0.001839
0.001619
0.001380
0.001167
0.000920
0.000727
0.000464
0.000229
0.000000
-0.000244
-0.000464
-0.000726
-0.000920
-0.001166
-0.001380
-0.001620
-0.001839
-0.002063
-0.002306
-0.002534
-0.002766
-0.002994
-0.003230
-0.003461
-0.003689
-0.003921
-0.004151
-0.004381
-0.004616
-0.004846
-0.005078
-0.005310
-0.005538
-0.005769
-0.006009
-0.006236
-0.006478
-0.006709
-0.006920
-0.007164
-0.007395
-0.007633
-0.007857
-0.008095
-0.008333
-0.008562
-0.008800
-0.009032
-0.009251
-0.009498
-0.009746
-0.009966
-0.010194
-0.010436
-0.010667
-0.010909
-0.011134
-0.011377
-0.011614
-0.011849
-0.012080
-0.012326
-0.012560
-0.012800
-0.013044
-0.013268
-0.013510
-0.013744
-0.013984
-0.014224
-0.014463
-0.014701
-0.014941
-0.015182
-0.015421
-0.015661
-0.015902
-0.016142
-0.016385
-0.016624
-0.016868
-0.017105
-0.017347
-0.017610
-0.017844
-0.018072
-0.018325
-0.018570
-0.018816
-0.019049
-0.019304
-0.019561
-0.019798
-0.020046
-0.020293
-0.020568
-0.020786
-0.021039
-0.021285
-0.021549
-0.021780
-0.022029
-0.022283
-0.022533
-0.022789
-0.023054
-0.023283
-0.023542
-0.023790
-0.024039
-0.024306
-0.024558
-0.024815
-0.025069
-0.025326
-0.025583
-0.025840
-0.026097
-0.026360
-0.026621
-0.026873
-0.027135
-0.027398
-0.027659
-0.027919
-0.028183
-0.028440
-0.028703
-0.028992
-0.029239
-0.029513
-0.029775
-0.030032
-0.030306
-0.030571
-0.030847
-0.031140
-0.031383
-0.031645
-0.031929
-0.032212
-0.032473
-0.032758
-0.033018
-0.033289
-0.033576
-0.033857
-0.034125
-0.034409
-0.034682
-0.034963
-0.035246
-0.035529
-0.035806
-0.036090
-0.036375
-0.036660
-0.036947
-0.037233
-0.037521
-0.037809
-0.038097
-0.038388
-0.038680
-0.038970
-0.039266
-0.039557
-0.039863
-0.040156
-0.040444
-0.040744
-0.041029
-0.041340
-0.041640
-0.041944
-0.042240
-0.042550
-0.042857
-0.043161
-0.043476
-0.043777
-0.044085
-0.044397
-0.044718
-0.045020
-0.045343
-0.045647
-0.045964
-0.046280
-0.046590
-0.046925
-0.047253
-0.047559
-0.047873
-0.048218
-0.048540
-0.048868
-0.049194
-0.049527
-0.049862
-0.050190
-0.050520
-0.050857
-0.051192
-0.051537
-0.051873
-0.052217
-0.052558
-0.052908
-0.053247
-0.053598
-0.053944
-0.054292
-0.054644
-0.055002
-0.055351
-0.055717
-0.056064
-0.056448
-0.056793
-0.057145
-0.057517
-0.057892
-0.058253
-0.058641
-0.058992
-0.059379
-0.059740
-0.060126
-0.060491
-0.060868
-0.061253
-0.061638
-0.062036
-0.062422
-0.062813
-0.063204
-0.063597
-0.063993
-0.064398
-0.064798
-0.065195
-0.065603
-0.066011
-0.066420
-0.066833
-0.067248
-0.067660
-0.068082
-0.068493
-0.068922
-0.069352
-0.069777
-0.070217
-0.070647
-0.071078
-0.071522
-0.071918
-0.072394
-0.072843
-0.073293
-0.073726
-0.074197
-0.074645
-0.075113
-0.075570
-0.076041
-0.076498
-0.076985
-0.077482
-0.077929
-0.078421
-0.078889
-0.079366
-0.079872
-0.080359
-0.080861
-0.081358
-0.081862
-0.082367
-0.082880
-0.083392
-0.083905
-0.084428
-0.084947
-0.085475
-0.086008
-0.086546
-0.087078
-0.087622
-0.088162
-0.088715
-0.089273
-0.089833
-0.090384
-0.090959
-0.091518
-0.092103
-0.092669
-0.093260
-0.093849
-0.094444
-0.095053
-0.095645
-0.096257
-0.096862
-0.097457
-0.098098
-0.098737
-0.099358
-0.100006
-0.100635
-0.101289
-0.101933
-0.102591
-0.103253
-0.103935
-0.104589
-0.105269
-0.105967
-0.106654
-0.107354
-0.108060
-0.108765
-0.109483
-0.110207
-0.110936
-0.111679
-0.112418
-0.113175
-0.113926
-0.114689
-0.115462
-0.116237
-0.117024
-0.117820
-0.118620
-0.119429
-0.120247
-0.121070
-0.121906
-0.122733
-0.123591
-0.124478
-0.125327
-0.126184
-0.127083
-0.127993
-0.128885
-0.129814
-0.130722
-0.131673
-0.132598
-0.133560
-0.134516
-0.135491
-0.136480
-0.137494
-0.138476
-0.139493
-0.140531
-0.141577
-0.142629
-0.143697
-0.144777
-0.145868
-0.146979
-0.148101
-0.149229
-0.150376
-0.151539
-0.152714
-0.153905
-0.155111
-0.156332
-0.157569
-0.158822
-0.160089
-0.161374
-0.162679
-0.163998
-0.165335
-0.166698
-0.168069
-0.169466
-0.170878
-0.172294
-0.173760
-0.175232
-0.176733
-0.178240
-0.179794
-0.181353
-0.182933
-0.184549
-0.186178
-0.187839
-0.189524
-0.191224
-0.192975
-0.194741
-0.196530
-0.198353
-0.200210
-0.202101
-0.204004
-0.205962
-0.207922
-0.209937
-0.211991
-0.214079
-0.216195
-0.218355
-0.220556
-0.222793
-0.225071
-0.227392
-0.229758
-0.232169
-0.234616
-0.237124
-0.239672
-0.242276
-0.244941
-0.247642
-0.250399
-0.253223
-0.256117
-0.259049
-0.262041
-0.265117
-0.268271
-0.271461
-0.274747
-0.278090
-0.281522
-0.285026
-0.288611
-0.292294
-0.296047
-0.299921
-0.303882
-0.307925
-0.312094
-0.316341
-0.320721
-0.325210
-0.329832
-0.334560
-0.339438
-0.344431
-0.349584
-0.354884
-0.360339
-0.365956
-0.371775
-0.377713
-0.383864
-0.390218
-0.396773
-0.403547
-0.410545
-0.417789
-0.425279
-0.433031
-0.441065
-0.449399
-0.458036
-0.467011
-0.476325
-0.486027
-0.496104
-0.506589
-0.517544
-0.528961
-0.540886
-0.553352
-0.566386
-0.580056
-0.594370
-0.609375
-0.625202
-0.641848
-0.659360
-0.677852
-0.697423
-0.718130
-0.740095
-0.763408
-0.788255
-0.814744
-0.843062
-0.873404
-0.906012
-0.941118
-0.979055
-1.020140
-1.064825
-1.113587
-1.167019
-1.225828
-1.290869
-1.363194
-1.444119
-1.535247
-1.638693
-1.757111
-1.894073
-2.054296
-2.244330
-2.473470
-2.755353
-3.110733
-3.573516
-4.202455
-5.110561
-6.549693
-9.236994
-16.590462
504.013672
