1.731011
38.912540
-0.716798
-0.313297
-0.201787
-0.154186
-0.129307
-0.114623
-0.105205
-0.098818
-0.094257
-0.090897
-0.088374
-0.086415
-0.084829
-0.083588
-0.082542
-0.081703
-0.080971
-0.080370
-0.079858
-0.079407
-0.079052
-0.078709
-0.078414
-0.078152
-0.077924
-0.077714
-0.077552
-0.077379
-0.077227
-0.077087
-0.076980
-0.076864
-0.076757
-0.076666
-0.076590
-0.076507
-0.076428
-0.076365
-0.076310
-0.076246
-0.076194
-0.076146
-0.076100
-0.076058
-0.076015
-0.075980
-0.075938
-0.075913
-0.075885
-0.075848
-0.075825
-0.075798
-0.075775
-0.075743
-0.075726
-0.075705
-0.075693
-0.075661
-0.075648
-0.075625
-0.075609
-0.075598
-0.075587
-0.075572
-0.075559
-0.075535
-0.075529
-0.075520
-0.075515
-0.075475
-0.075482
-0.075463
-0.075462
-0.075452
-0.075446
-0.075425
-0.075427
-0.075416
-0.075411
-0.075412
-0.075399
-0.075394
-0.075386
-0.075379
-0.075373
-0.075370
-0.075362
-0.075361
-0.075351
-0.075341
-0.075343
-0.075345
-0.075330
-0.075323
-0.075322
-0.075320
-0.075311
-0.075301
-0.075306
-0.075291
-0.075308
-0.075302
-0.075291
-0.075280
-0.075294
-0.075278
-0.075300
-0.075292
-0.075270
-0.075271
-0.075286
-0.075285
-0.075246
-0.075261
-0.075245
-0.075253
-0.075256
-0.075256
-0.075247
-0.075244
-0.075251
-0.075242
-0.075242
-0.075240
-0.075237
-0.075224
-0.075234
-0.075235
-0.075230
-0.075229
-0.075226
-0.075226
-0.075218
-0.075228
-0.075224
-0.075220
-0.075223
-0.075215
-0.075214
-0.075214
-0.075210
-0.075213
-0.075214
-0.075203
-0.075209
-0.075205
-0.075203
-0.075202
-0.075198
-0.075209
-0.075205
-0.075194
-0.075195
-0.075202
-0.075198
-0.075198
-0.075197
-0.075194
-0.075193
-0.075195
-0.075194
-0.075177
-0.075187
-0.075188
-0.075187
-0.075183
-0.075185
-0.075183
-0.075184
-0.075184
-0.075183
-0.075184
-0.075181
-0.075179
-0.075181
-0.075192
-0.075175
-0.075168
-0.075178
-0.075176
-0.075177
-0.075177
-0.075174
-0.075174
-0.075171
-0.075166
-0.075176
-0.075173
-0.075178
-0.075189
-0.075151
-0.075155
-0.075183
-0.075172
-0.075174
-0.075173
-0.075161
-0.075166
-0.075167
-0.075165
-0.075174
-0.075170
-0.075153
-0.075164
-0.075162
-0.075162
-0.075159
-0.075163
-0.075158
-0.075160
-0.075159
-0.075159
-0.075158
-0.075157
-0.075160
-0.075158
-0.075162
-0.075157
-0.075155
-0.075154
-0.075147
-0.075159
-0.075146
-0.075158
-0.075146
-0.075160
-0.075158
-0.075151
-0.075138
-0.075164
-0.075144
-0.075172
-0.075170
-0.075158
-0.075170
-0.075140
-0.075154
-0.075141
-0.075145
-0.075152
-0.075150
-0.075151
-0.075149
-0.075156
-0.075149
-0.075164
-0.075154
-0.075144
-0.075151
-0.075138
-0.075148
-0.075153
-0.075148
-0.075165
-0.075148
-0.075138
-0.075148
-0.075143
-0.075147
-0.075146
-0.075144
-0.075126
-0.075151
-0.075141
-0.075150
-0.075155
-0.075144
-0.075148
-0.075140
-0.075132
-0.075149
-0.075135
-0.075153
-0.075152
-0.075142
-0.075138
-0.075158
-0.075159
-0.075129
-0.075134
-0.075150
-0.075147
-0.075143
-0.075144
-0.075142
-0.075143
-0.075151
-0.075142
-0.075150
-0.075146
-0.075139
-0.075142
-0.075138
-0.075143
-0.075138
-0.075141
-0.075141
-0.075142
-0.075141
-0.075141
-0.075147
-0.075142
-0.075144
-0.075141
-0.075144
-0.075141
-0.075140
-0.075140
-0.075144
-0.075142
-0.075150
-0.075138
-0.075144
-0.075134
-0.075147
-0.075122
-0.075123
-0.075148
-0.075129
-0.075138
-0.075130
-0.075147
-0.075136
-0.075140
-0.075130
-0.075167
-0.075149
-0.075133
-0.075136
-0.075149
-0.075141
-0.075139
-0.075140
-0.075138
-0.075139
-0.075135
-0.075138
-0.075139
-0.075138
-0.075138
-0.075137
-0.075140
-0.075137
-0.075134
-0.075137
-0.075136
-0.075136
-0.075129
-0.075137
-0.075127
-0.075144
-0.075146
-0.075134
-0.075140
-0.075134
-0.075134
-0.075135
-0.075133
-0.075136
-0.075136
-0.075141
-0.075140
-0.075135
-0.075136
-0.075138
-0.075142
-0.075128
-0.075134
-0.075135
-0.075137
-0.075129
-0.075137
-0.075126
-0.075132
-0.075139
-0.075134
-0.075128
-0.075134
-0.075130
-0.075133
-0.075135
-0.075141
-0.075134
-0.075127
-0.075133
-0.075134
-0.075132
-0.075135
-0.075137
-0.075135
-0.075145
-0.075130
-0.075128
-0.075133
-0.075131
-0.075134
-0.075134
-0.075134
-0.075125
-0.075144
-0.075145
-0.075126
-0.075133
-0.075130
-0.075132
-0.075126
-0.075125
-0.075136
-0.075125
-0.075154
-0.075143
-0.075131
-0.075140
-0.075115
-0.075128
-0.075135
-0.075131
-0.075134
-0.075133
-0.075124
-0.075131
-0.075132
-0.075132
-0.075127
-0.075131
-0.075132
-0.075132
-0.075134
-0.075131
-0.075130
-0.075132
-0.075131
-0.075131
-0.075124
-0.075136
-0.075146
-0.075126
-0.075126
-0.075132
-0.075128
-0.075133
-0.075131
-0.075130
-0.075129
-0.075133
-0.075139
-0.075141
-0.075148
-0.075130
-0.075129
-0.075137
-0.075138
-0.075128
-0.075136
-0.075116
-0.075127
-0.075130
-0.075129
-0.075136
-0.075131
-0.075131
-0.075133
-0.075135
-0.075134
-0.075132
-0.075130
-0.075132
-0.075131
-0.075131
-0.075131
-0.075128
-0.075132
-0.075132
-0.075130
-0.075132
-0.075131
-0.075126
-0.075131
-0.075128
-0.075130
-0.075113
-0.075143
-0.075149
-0.075130
-0.075144
-0.075119
-0.075114
-0.075135
-0.075132
-0.075127
-0.075122
-0.075144
-0.075136
-0.075132
-0.075133
-0.075129
-0.075129
-0.075136
-0.075132
-0.075134
-0.075130
-0.075138
-0.075134
-0.075129
-0.075132
-0.075126
-0.075131
-0.075123
-0.075130
-0.075146
-0.075131
-0.075130
-0.075131
-0.075123
-0.075132
-0.075126
-0.075132
-0.075130
-0.075135
-0.075138
-0.075131
-0.075134
-0.075132
-0.075137
-0.075128
-0.075129
-0.075133
-0.075132
-0.075136
-0.075144
-0.075122
-0.075127
-0.075132
-0.075137
-0.075114
-0.075119
-0.075144
-0.075130
-0.075149
-0.075143
-0.075113
-0.075127
-0.075128
-0.075129
-0.075126
-0.075131
-0.075132
-0.075131
-0.075132
-0.075132
-0.075128
-0.075130
-0.075132
-0.075131
-0.075132
-0.075130
-0.075132
-0.075133
-0.075135
-0.075129
-0.075131
-0.075130
-0.075136
-0.075129
-0.075130
-0.075126
-0.075116
-0.075136
-0.075128
-0.075138
-0.075137
-0.075130
-0.075130
-0.075141
-0.075141
-0.075122
-0.075133
-0.075129
-0.075130
-0.075131
-0.075133
-0.075128
-0.075132
-0.075125
-0.075126
-0.075146
-0.075136
-0.075124
-0.075131
-0.075130
-0.075132
-0.075127
-0.075131
-0.075134
-0.075132
-0.075132
-0.075131
-0.075128
-0.075132
-0.075131
-0.075131
-0.075124
-0.075133
-0.075134
-0.075131
-0.075130
-0.075128
-0.075110
-0.075140
-0.075131
-0.075143
-0.075154
-0.075125
-0.075137
-0.075125
-0.075126
-0.075132
-0.075130
-0.075133
-0.075126
-0.075145
-0.075142
-0.075125
-0.075130
-0.075134
-0.075134
-0.075131
-0.075134
-0.075128
-0.075130
-0.075145
-0.075134
-0.075137
-0.075135
-0.075132
-0.075134
-0.075133
-0.075128
-0.075134
-0.075143
-0.075136
-0.075133
-0.075130
-0.075134
-0.075128
-0.075137
-0.075139
-0.075132
-0.075126
-0.075137
-0.075129
-0.075137
-0.075135
-0.075134
-0.075128
-0.075142
-0.075138
-0.075135
-0.075135
-0.075141
-0.075141
-0.075134
-0.075136
-0.075134
-0.075135
-0.075134
-0.075134
-0.075140
-0.075135
-0.075151
-0.075144
-0.075127
-0.075138
-0.075129
-0.075136
-0.075136
-0.075137
-0.075133
-0.075137
-0.075137
-0.075137
-0.075137
-0.075138
-0.075139
-0.075138
-0.075133
-0.075139
-0.075133
-0.075140
-0.075139
-0.075141
-0.075149
-0.075136
-0.075132
-0.075149
-0.075161
-0.075130
-0.075140
-0.075136
-0.075147
-0.075130
-0.075145
-0.075129
-0.075142
-0.075123
-0.075122
-0.075147
-0.075135
-0.075144
-0.075137
-0.075150
-0.075141
-0.075144
-0.075141
-0.075140
-0.075141
-0.075144
-0.075139
-0.075144
-0.075141
-0.075147
-0.075141
-0.075141
-0.075142
-0.075141
-0.075143
-0.075138
-0.075142
-0.075138
-0.075142
-0.075139
-0.075146
-0.075150
-0.075143
-0.075151
-0.075143
-0.075142
-0.075144
-0.075143
-0.075147
-0.075151
-0.075134
-0.075129
-0.075160
-0.075158
-0.075138
-0.075142
-0.075152
-0.075154
-0.075141
-0.075149
-0.075136
-0.075140
-0.075148
-0.075144
-0.075155
-0.075150
-0.075145
-0.075151
-0.075127
-0.075144
-0.075145
-0.075146
-0.075143
-0.075147
-0.075144
-0.075148
-0.075159
-0.075148
-0.075152
-0.075148
-0.075139
-0.075151
-0.075145
-0.075154
-0.075163
-0.075149
-0.075156
-0.075149
-0.075152
-0.075150
-0.075153
-0.075145
-0.075142
-0.075154
-0.075140
-0.075170
-0.075159
-0.075170
-0.075174
-0.075144
-0.075165
-0.075138
-0.075152
-0.075158
-0.075160
-0.075146
-0.075156
-0.075146
-0.075155
-0.075147
-0.075154
-0.075155
-0.075157
-0.075162
-0.075159
-0.075160
-0.075159
-0.075158
-0.075159
-0.075159
-0.075160
-0.075158
-0.075165
-0.075159
-0.075162
-0.075162
-0.075164
-0.075154
-0.075170
-0.075174
-0.075165
-0.075167
-0.075165
-0.075161
-0.075173
-0.075174
-0.075172
-0.075183
-0.075151
-0.075151
-0.075181
-0.075178
-0.075173
-0.075177
-0.075166
-0.075171
-0.075173
-0.075174
-0.075175
-0.075177
-0.075176
-0.075178
-0.075168
-0.075175
-0.075189
-0.075181
-0.075174
-0.075181
-0.075184
-0.075183
-0.075184
-0.075184
-0.075184
-0.075185
-0.075183
-0.075187
-0.075187
-0.075187
-0.075177
-0.075194
-0.075194
-0.075193
-0.075190
-0.075197
-0.075198
-0.075198
-0.075203
-0.075195
-0.075198
-0.075205
-0.075209
-0.075198
-0.075201
-0.075204
-0.075205
-0.075209
-0.075206
-0.075214
-0.075213
-0.075210
-0.075214
-0.075215
-0.075215
-0.075223
-0.075222
-0.075224
-0.075224
-0.075218
-0.075225
-0.075226
-0.075230
-0.075229
-0.075246
-0.075234
-0.075232
-0.075237
-0.075240
-0.075242
-0.075242
-0.075251
-0.075243
-0.075247
-0.075253
-0.075256
-0.075253
-0.075245
-0.075261
-0.075246
-0.075284
-0.075286
-0.075266
-0.075270
-0.075292
-0.075300
-0.075278
-0.075294
-0.075281
-0.075291
-0.075302
-0.075308
-0.075291
-0.075306
-0.075301
-0.075311
-0.075322
-0.075322
-0.075322
-0.075330
-0.075345
-0.075343
-0.075341
-0.075351
-0.075362
-0.075362
-0.075370
-0.075374
-0.075380
-0.075386
-0.075393
-0.075399
-0.075411
-0.075411
-0.075412
-0.075427
-0.075425
-0.075446
-0.075452
-0.075462
-0.075464
-0.075482
-0.075475
-0.075515
-0.075520
-0.075529
-0.075535
-0.075560
-0.075579
-0.075587
-0.075600
-0.075609
-0.075624
-0.075649
-0.075661
-0.075693
-0.075706
-0.075726
-0.075741
-0.075775
-0.075798
-0.075825
-0.075848
-0.075885
-0.075912
-0.075938
-0.075977
-0.076015
-0.076057
-0.076100
-0.076146
-0.076194
-0.076250
-0.076310
-0.076366
-0.076428
-0.076506
-0.076590
-0.076668
-0.076758
-0.076871
-0.076980
-0.077091
-0.077228
-0.077379
-0.077552
-0.077715
-0.077925
-0.078153
-0.078414
-0.078704
-0.079052
-0.079407
-0.079858
-0.080372
-0.080971
-0.081696
-0.082542
-0.083579
-0.084830
-0.086416
-0.088375
-0.090903
-0.094257
-0.098810
-0.105205
-0.114619
-0.129308
-0.154193
-0.201789
-0.313305
-0.716803
38.912716
