1.000000
6.040294
13.266034
11.166600
-3.306063
-13.431429
-2.750356
18.076531
21.133753
0.930875
-13.351141
2.073113
26.667085
19.045063
-22.559295
-49.434334
-25.494776
19.314363
25.394759
-13.781075
-39.000000
-7.740781
40.626713
34.559257
-26.847082
-63.431429
-20.111036
53.224893
64.674773
6.170930
-33.351141
7.313168
70.208105
54.193426
-39.919975
-99.434334
-49.035795
42.707020
52.755439
-27.562150
-79.000000
-21.521856
67.987393
57.951914
-50.388102
-113.431429
-37.471716
88.373256
108.215792
11.410985
-53.351141
12.553223
113.749125
89.341788
-57.280655
-149.434334
-72.576815
66.099677
80.116118
-41.343225
-119.000000
-35.302931
95.348073
81.344572
-73.929122
-163.431429
-54.832395
123.521618
151.756812
16.651041
-73.351141
17.793279
157.290144
124.490150
-74.641335
-199.434334
-96.117834
89.492335
107.476798
-55.124300
-159.000000
-49.084006
122.708753
104.737229
-97.470141
-213.431429
-72.193075
158.669980
195.297832
21.891096
-93.351141
23.033334
200.831164
159.638513
-92.002014
-249.434334
-119.658854
112.884992
134.837478
-68.905375
-199.000000
-62.865081
150.069432
128.129886
-121.011161
-263.431429
-89.553755
193.818343
238.838851
27.131151
-113.351141
28.273389
244.372184
194.786875
-109.362694
-299.434334
-143.199874
136.277649
162.198158
-82.686450
-239.000000
-76.646156
177.430112
151.522544
-144.552181
-313.431429
-106.914435
228.966705
282.379871
32.371207
-133.351141
33.513445
287.913203
229.935238
-126.723374
-349.434334
-166.740893
159.670306
189.558837
-96.467525
-279.000000
-90.427231
204.790792
174.915201
-168.093200
-363.431429
-124.275115
264.115067
325.920891
37.611262
-153.351141
38.753500
331.454223
265.083600
-144.084054
-399.434334
-190.281913
183.062964
216.919517
-110.248600
-319.000000
-104.208306
232.151472
198.307858
-191.634220
-413.431429
-141.635794
299.263430
369.461910
42.851317
-173.351141
43.993555
374.995243
300.231962
-161.444733
-449.434334
-213.822933
206.455621
244.280197
-124.029675
-359.000000
-117.989381
259.512152
221.700516
-215.175240
-463.431429
-158.996474
334.411792
413.002930
48.091373
-193.351141
49.233611
418.536262
335.380325
-178.805413
-499.434334
-237.363952
229.848278
271.640877
-137.810750
-399.000000
-131.770456
286.872831
245.093173
-238.716259
-513.431429
-176.357154
369.560155
456.543950
53.331428
-213.351141
54.473666
462.077282
370.528687
-196.166093
-549.434334
-260.904972
253.240936
299.001557
-151.591825
-439.000000
-145.551531
314.233511
268.485830
-262.257279
-563.431429
-193.717834
404.708517
500.084969
58.571483
-233.351141
59.713721
505.618302
405.677049
-213.526773
-599.434334
-284.445992
276.633593
326.362236
-165.372900
-479.000000
-159.332606
341.594191
291.878487
-285.798299
-613.431429
-211.078513
439.856879
543.625989
63.811539
-253.351141
64.953777
549.159321
440.825412
-230.887452
-649.434334
-307.987011
300.026250
353.722916
-179.153975
-519.000000
-173.113681
368.954871
315.271145
-309.339318
-663.431429
-228.439193
475.005242
587.167009
69.051594
-273.351141
70.193832
592.700341
475.973774
-248.248132
-699.434334
-331.528031
323.418908
381.083596
-192.935050
-559.000000
-186.894756
396.315550
338.663802
-332.880338
-713.431429
-245.799873
510.153604
630.708028
74.291649
-293.351141
75.433887
636.241361
511.122136
-265.608812
-749.434334
-355.069051
346.811565
408.444276
-206.716125
-599.000000
-200.675831
423.676230
362.056459
-356.421358
-763.431429
-263.160553
545.301966
674.249048
79.531705
-313.351141
80.673943
679.782380
546.270499
-282.969492
-799.434334
-378.610070
370.204222
435.804955
-220.497200
-639.000000
-214.456906
451.036910
385.449117
-379.962377
-813.431429
-280.521233
580.450329
717.790067
84.771760
-333.351141
85.913998
723.323400
581.418861
-300.330172
-849.434334
-402.151090
393.596880
463.165635
-234.278275
-679.000000
-228.237981
478.397590
408.841774
-403.503397
-863.431429
-297.881912
615.598691
761.331087
90.011815
-353.351141
91.154053
766.864420
616.567223
-317.690851
-899.434334
-425.692110
416.989537
490.526315
-248.059350
-719.000000
-242.019056
505.758269
432.234431
-427.044417
-913.431429
-315.242592
650.747053
804.872107
95.251871
-373.351141
96.394109
810.405439
651.715586
-335.051531
-949.434334
-449.233129
440.382194
517.886995
-261.840425
-759.000000
-255.800131
533.118949
455.627089
-450.585436
-963.431429
-332.603272
685.895416
848.413126
100.491926
-393.351141
101.634164
853.946459
686.863948
-352.412211
-999.434334
-472.774149
463.774852
545.247675
-275.621500
-799.000000
-269.581206
560.479629
479.019746
-474.126456
-1013.431429
-349.963952
721.043778
891.954146
105.731981
-413.351141
106.874219
897.487479
722.012311
-369.772891
-1049.434334
-496.315169
487.167509
572.608354
-289.402575
-839.000000
-283.362281
587.840309
502.412403
-497.667476
-1063.431429
-367.324631
756.192140
935.495166
110.972037
-433.351141
112.114275
941.028498
757.160673
-387.133570
-1099.434334
-519.856188
510.560166
599.969034
-303.183650
-879.000000
-297.143356
615.200989
525.805061
-521.208495
-1113.431429
-384.685311
791.340503
979.036185
116.212092
-453.351141
117.354330
984.569518
792.309035
-404.494250
-1149.434334
-543.397208
533.952823
627.329714
-316.964725
-919.000000
-310.924431
642.561668
549.197718
-544.749515
-1163.431429
-402.045991
826.488865
1022.577205
121.452147
-473.351141
122.594385
1028.110538
827.457398
-421.854930
-1199.434334
-566.938228
557.345481
654.690394
-330.745800
-959.000000
-324.705506
669.922348
572.590375
-568.290535
-1213.431429
-419.406671
861.637228
1066.118225
126.692203
-493.351141
127.834441
1071.651557
862.605760
-439.215610
-1249.434334
-590.479247
580.738138
682.051073
-344.526875
-999.000000
-338.486581
697.283028
595.983032
-591.831554
-1263.431429
-436.767351
896.785590
1109.659244
131.932258
-513.351141
133.074496
1115.192577
897.754122
-456.576290
-1299.434334
-614.020267
604.130795
709.411753
-358.307950
-1039.000000
-352.267656
724.643708
619.375690
-615.372574
-1313.431429
-454.128030
931.933952
1153.200264
137.172313
-533.351141
138.314551
1158.733597
932.902485
-473.936969
-1349.434334
-637.561287
627.523453
736.772433
-372.089025
-1079.000000
-366.048731
752.004387
642.768347
-638.913594
-1363.431429
-471.488710
967.082315
1196.741284
142.412369
-553.351141
143.554607
1202.274616
968.050847
-491.297649
-1399.434334
-661.102306
650.916110
764.133113
-385.870100
-1119.000000
-379.829806
779.365067
666.161004
-662.454613
-1413.431429
-488.849390
1002.230677
1240.282303
147.652424
-573.351141
148.794662
1245.815636
1003.199209
-508.658329
-1449.434334
-684.643326
674.308767
791.493793
-399.651175
-1159.000000
-393.610881
806.725747
689.553662
-685.995633
-1463.431429
-506.210070
1037.379039
1283.823323
152.892479
-593.351141
154.034717
1289.356656
1038.347572
-526.019009
-1499.434334
-708.184346
697.701425
818.854472
-413.432250
-1199.000000
-407.391956
834.086427
712.946319
-709.536653
-1513.431429
-523.570749
1072.527402
1327.364343
158.132535
-613.351141
159.274773
1332.897675
1073.495934
-543.379688
-1549.434334
-731.725365
721.094082
846.215152
-427.213325
-1239.000000
-421.173031
861.447107
736.338976
-733.077672
-1563.431429
-540.931429
1107.675764
1370.905362
163.372590
-633.351141
164.514828
1376.438695
1108.644296
-560.740368
-1599.434334
-755.266385
744.486739
873.575832
-440.994400
-1279.000000
-434.954106
888.807786
759.731634
-756.618692
-1613.431429
-558.292109
1142.824126
1414.446382
168.612645
-653.351141
169.754883
1419.979715
1143.792659
-578.101048
-1649.434334
-778.807405
767.879397
900.936512
-454.775475
-1319.000000
-448.735181
916.168466
783.124291
-780.159712
-1663.431429
-575.652789
1177.972489
1457.987402
173.852701
-673.351141
174.994939
1463.520734
1178.941021
-595.461728
-1699.434334
-802.348424
791.272054
928.297191
-468.556550
-1359.000000
-462.516256
943.529146
806.516948
-803.700731
-1713.431429
-593.013469
1213.120851
1501.528421
179.092756
-693.351141
180.234994
1507.061754
1214.089383
-612.822408
-1749.434334
-825.889444
814.664711
955.657871
-482.337625
-1399.000000
-476.297331
970.889826
829.909606
-827.241751
-1763.431429
-610.374148
1248.269213
1545.069441
184.332811
-713.351141
185.475049
1550.602773
1249.237746
-630.183087
-1799.434334
-849.430464
838.057368
983.018551
-496.118700
-1439.000000
-490.078406
998.250505
853.302263
-850.782771
-1813.431429
-627.734828
1283.417576
1588.610461
189.572867
-733.351141
190.715105
1594.143793
1284.386108
-647.543767
-1849.434334
-872.971483
861.450026
1010.379231
-509.899775
-1479.000000
-503.859481
1025.611185
876.694920
-874.323790
-1863.431429
-645.095508
1318.565938
1632.151480
194.812922
-753.351141
195.955160
1637.684813
1319.534471
-664.904447
-1899.434334
-896.512503
884.842683
1037.739910
-523.680850
-1519.000000
-517.640556
1052.971865
900.087577
-897.864810
-1913.431429
-662.456188
1353.714300
1675.692500
200.052977
-773.351141
201.195215
1681.225832
1354.682833
-682.265127
-1949.434334
-920.053523
908.235340
1065.100590
-537.461925
-1559.000000
-531.421631
1080.332545
923.480235
-921.405830
-1963.431429
-679.816867
1388.862663
1719.233520
205.293033
-793.351141
206.435271
1724.766852
1389.831195
-699.625806
-1999.434334
-943.594542
931.627998
1092.461270
-551.243000
-1599.000000
-545.202706
1107.693225
946.872892
-944.946849
-2013.431429
-697.177547
1424.011025
1762.774539
210.533088
-813.351141
211.675326
1768.307872
1424.979558
-716.986486
-2049.434334
-967.135562
955.020655
1119.821950
-565.024075
-1639.000000
-558.983781
1135.053904
970.265549
-968.487869
-2063.431429
-714.538227
1459.159388
1806.315559
215.773143
-833.351141
216.915381
1811.848891
1460.127920
-734.347166
-2099.434334
-990.676582
978.413312
1147.182630
-578.805150
-1679.000000
-572.764856
1162.414584
993.658207
-992.028889
-2113.431429
-731.898907
1494.307750
1849.856579
221.013199
-853.351141
222.155437
1855.389911
1495.276282
-751.707846
-2149.434334
-1014.217601
1001.805970
1174.543309
-592.586225
-1719.000000
-586.545931
1189.775264
1017.050864
-1015.569908
-2163.431429
-749.259586
1529.456112
1893.397598
226.253254
-873.351141
227.395492
1898.930931
1530.424645
-769.068526
-2199.434334
-1037.758621
1025.198627
1201.903989
-606.367300
-1759.000000
-600.327006
1217.135944
1040.443521
-1039.110928
-2213.431429
-766.620266
1564.604475
1936.938618
231.493309
-893.351141
232.635547
1942.471950
1565.573007
-786.429205
-2249.434334
-1061.299641
1048.591284
1229.264669
-620.148375
-1799.000000
-614.108081
1244.496623
1063.836179
-1062.651948
-2263.431429
-783.980946
1599.752837
1980.479638
236.733365
-913.351141
237.875603
1986.012970
1600.721369
-803.789885
-2299.434334
-1084.840660
1071.983942
1256.625349
-633.929450
-1839.000000
-627.889156
1271.857303
1087.228836
-1086.192967
-2313.431429
-801.341626
1634.901199
2024.020657
241.973420
-933.351141
243.115658
2029.553990
1635.869732
-821.150565
-2349.434334
-1108.381680
1095.376599
1283.986028
-647.710525
-1879.000000
-641.670231
1299.217983
1110.621493
-1109.733987
-2363.431429
-818.702306
1670.049562
2067.561677
247.213475
-953.351141
248.355713
2073.095009
1671.018094
-838.511245
-2399.434334
-1131.922700
1118.769256
1311.346708
-661.491600
-1919.000000
-655.451306
1326.578663
1134.014151
-1133.275006
-2413.431429
-836.062985
1705.197924
2111.102697
252.453531
-973.351141
253.595769
2116.636029
1706.166456
-855.871924
-2449.434334
-1155.463719
1142.161913
1338.707388
-675.272675
-1959.000000
-669.232381
1353.939343
1157.406808
-1156.816026
-2463.431429
-853.423665
1740.346286
2154.643716
257.693586
-993.351141
258.835824
2160.177049
1741.314819
-873.232604
-2499.434334
-1179.004739
1165.554571
1366.068068
-689.053750
-1999.000000
-683.013456
1381.300022
1180.799465
-1180.357046
-2513.431429
-870.784345
1775.494649
2198.184736
262.933641
-1013.351141
264.075879
2203.718068
1776.463181
-890.593284
-2549.434334
-1202.545759
1188.947228
1393.428748
-702.834825
-2039.000000
-696.794531
1408.660702
1204.192122
-1200.377918
-2552.800068
-884.938273
1792.566480
2217.494144
267.242822
-1012.804282
273.141076
2215.432138
1782.956163
-883.542368
-2537.404463
-1198.973584
1171.342833
1370.729769
-700.596051
-2013.574779
-686.859841
1383.194475
1180.799465
-1176.836899
-2502.800068
-867.577593
1757.418118
2173.953124
262.002767
-992.804282
267.901021
2171.891118
1747.807801
-866.181689
-2487.404463
-1175.432565
1147.950176
1343.369090
-686.814976
-1973.574779
-673.078766
1355.833795
1157.406808
-1153.295879
-2452.800068
-850.216913
1722.269755
2130.412105
256.762711
-972.804282
262.660966
2128.350099
1712.659438
-848.821009
-2437.404463
-1151.891545
1124.557518
1316.008410
-673.033901
-1933.574779
-659.297691
1328.473115
1134.014151
-1129.754859
-2402.800068
-832.856234
1687.121393
2086.871085
251.522656
-952.804282
257.420910
2084.809079
1677.511076
-831.460329
-2387.404463
-1128.350525
1101.164861
1288.647730
-659.252826
-1893.574779
-645.516616
1301.112435
1110.621493
-1106.213840
-2352.800068
-815.495554
1651.973031
2043.330065
246.282601
-932.804282
252.180855
2041.268059
1642.362714
-814.099649
-2337.404463
-1104.809506
1077.772204
1261.287050
-645.471751
-1853.574779
-631.735541
1273.751756
1087.228836
-1082.672820
-2302.800068
-798.134874
1616.824668
1999.789046
241.042545
-912.804282
246.940800
1997.727040
1607.214351
-796.738969
-2287.404463
-1081.268486
1054.379546
1233.926370
-631.690676
-1813.574779
-617.954466
1246.391076
1063.836179
-1059.131800
-2252.800068
-780.774194
1581.676306
1956.248026
235.802490
-892.804282
241.700744
1954.186020
1572.065989
-779.378290
-2237.404463
-1057.727466
1030.986889
1206.565691
-617.909601
-1773.574779
-604.173391
1219.030396
1040.443521
-1035.590781
-2202.800068
-763.413515
1546.527944
1912.707006
230.562435
-872.804282
236.460689
1910.645000
1536.917627
-762.017610
-2187.404463
-1034.186447
1007.594232
1179.205011
-604.128526
-1733.574779
-590.392316
1191.669716
1017.050864
-1012.049761
-2152.800068
-746.052835
1511.379581
1869.165987
225.322379
-852.804282
231.220634
1867.103981
1501.769264
-744.656930
-2137.404463
-1010.645427
984.201575
1151.844331
-590.347451
-1693.574779
-576.611241
1164.309037
993.658207
-988.508741
-2102.800068
-728.692155
1476.231219
1825.624967
220.082324
-832.804282
225.980578
1823.562961
1466.620902
-727.296250
-2087.404463
-987.104407
960.808917
1124.483651
-576.566376
-1653.574779
-562.830166
1136.948357
970.265549
-964.967722
-2052.800068
-711.331475
1441.082857
1782.083947
214.842269
-812.804282
220.740523
1780.021941
1431.472540
-709.935571
-2037.404463
-963.563388
937.416260
1097.122972
-562.785301
-1613.574779
-549.049091
1109.587677
946.872892
-941.426702
-2002.800068
-693.970795
1405.934494
1738.542928
209.602213
-792.804282
215.500468
1736.480922
1396.324177
-692.574891
-1987.404463
-940.022368
914.023603
1069.762292
-549.004226
-1573.574779
-535.268016
1082.226997
923.480235
-917.885683
-1952.800068
-676.610116
1370.786132
1695.001908
204.362158
-772.804282
210.260412
1692.939902
1361.175815
-675.214211
-1937.404463
-916.481348
890.630945
1042.401612
-535.223151
-1533.574779
-521.486941
1054.866317
900.087577
-894.344663
-1902.800068
-659.249436
1335.637769
1651.460888
199.122103
-752.804282
205.020357
1649.398882
1326.027452
-657.853531
-1887.404463
-892.940329
867.238288
1015.040932
-521.442076
-1493.574779
-507.705866
1027.505638
876.694920
-870.803643
-1852.800068
-641.888756
1300.489407
1607.919869
193.882047
-732.804282
199.780302
1605.857863
1290.879090
-640.492851
-1837.404463
-869.399309
843.845631
987.680252
-507.661001
-1453.574779
-493.924791
1000.144958
853.302263
-847.262624
-1802.800068
-624.528076
1265.341045
1564.378849
188.641992
-712.804282
194.540246
1562.316843
1255.730728
-623.132172
-1787.404463
-845.858290
820.452973
960.319573
-493.879926
-1413.574779
-480.143716
972.784278
829.909606
-823.721604
-1752.800068
-607.167397
1230.192682
1520.837829
183.401937
-692.804282
189.300191
1518.775823
1220.582365
-605.771492
-1737.404463
-822.317270
797.060316
932.958893
-480.098851
-1373.574779
-466.362641
945.423598
806.516948
-800.180584
-1702.800068
-589.806717
1195.044320
1477.296810
178.161881
-672.804282
184.060136
1475.234804
1185.434003
-588.410812
-1687.404463
-798.776250
773.667659
905.598213
-466.317776
-1333.574779
-452.581566
918.062919
783.124291
-776.639565
-1652.800068
-572.446037
1159.895958
1433.755790
172.921826
-652.804282
178.820080
1431.693784
1150.285641
-571.050132
-1637.404463
-775.235231
750.275001
878.237533
-452.536701
-1293.574779
-438.800491
890.702239
759.731634
-753.098545
-1602.800068
-555.085357
1124.747595
1390.214770
167.681771
-632.804282
173.580025
1388.152764
1115.137278
-553.689453
-1587.404463
-751.694211
726.882344
850.876854
-438.755626
-1253.574779
-425.019416
863.341559
736.338976
-729.557525
-1552.800068
-537.724678
1089.599233
1346.673751
162.441715
-612.804282
168.339970
1344.611745
1079.988916
-536.328773
-1537.404463
-728.153191
703.489687
823.516174
-424.974551
-1213.574779
-411.238341
835.980879
712.946319
-706.016506
-1502.800068
-520.363998
1054.450871
1303.132731
157.201660
-592.804282
163.099914
1301.070725
1044.840554
-518.968093
-1487.404463
-704.612172
680.097030
796.155494
-411.193476
-1173.574779
-397.457266
808.620199
689.553662
-682.475486
-1452.800068
-503.003318
1019.302508
1259.591711
151.961605
-572.804282
157.859859
1257.529705
1009.692191
-501.607413
-1437.404463
-681.071152
656.704372
768.794814
-397.412401
-1133.574779
-383.676191
781.259520
666.161004
-658.934466
-1402.800068
-485.642638
984.154146
1216.050692
146.721549
-552.804282
152.619804
1213.988686
974.543829
-484.246734
-1387.404463
-657.530132
633.311715
741.434135
-383.631326
-1093.574779
-369.895116
753.898840
642.768347
-635.393447
-1352.800068
-468.281958
949.005784
1172.509672
141.481494
-532.804282
147.379748
1170.447666
939.395467
-466.886054
-1337.404463
-633.989113
609.919058
714.073455
-369.850251
-1053.574779
-356.114041
726.538160
619.375690
-611.852427
-1302.800068
-450.921279
913.857421
1128.968652
136.241439
-512.804282
142.139693
1126.906646
904.247104
-449.525374
-1287.404463
-610.448093
586.526400
686.712775
-356.069176
-1013.574779
-342.332966
699.177480
595.983032
-588.311407
-1252.800068
-433.560599
878.709059
1085.427633
131.001383
-492.804282
136.899638
1083.365627
869.098742
-432.164694
-1237.404463
-586.907073
563.133743
659.352095
-342.288101
-973.574779
-328.551891
671.816801
572.590375
-564.770388
-1202.800068
-416.199919
843.560697
1041.886613
125.761328
-472.804282
131.659582
1039.824607
833.950380
-414.804014
-1187.404463
-563.366054
539.741086
631.991415
-328.507026
-933.574779
-314.770816
644.456121
549.197718
-541.229368
-1152.800068
-398.839239
808.412334
998.345593
120.521273
-452.804282
126.419527
996.283587
798.802017
-397.443335
-1137.404463
-539.825034
516.348428
604.630736
-314.725951
-893.574779
-300.989741
617.095441
525.805061
-517.688348
-1102.800068
-381.478560
773.263972
954.804574
115.281217
-432.804282
121.179472
952.742568
763.653655
-380.082655
-1087.404463
-516.284014
492.955771
577.270056
-300.944876
-853.574779
-287.208666
589.734761
502.412403
-494.147329
-1052.800068
-364.117880
738.115609
911.263554
110.041162
-412.804282
115.939416
909.201548
728.505292
-362.721975
-1037.404463
-492.742995
469.563114
549.909376
-287.163801
-813.574779
-273.427591
562.374081
479.019746
-470.606309
-1002.800068
-346.757200
702.967247
867.722534
104.801107
-392.804282
110.699361
865.660528
693.356930
-345.361295
-987.404463
-469.201975
446.170456
522.548696
-273.382726
-773.574779
-259.646516
535.013402
455.627089
-447.065289
-952.800068
-329.396520
667.818885
824.181515
99.561051
-372.804282
105.459306
822.119509
658.208568
-328.000616
-937.404463
-445.660955
422.777799
495.188017
-259.601651
-733.574779
-245.865441
507.652722
432.234431
-423.524270
-902.800068
-312.035840
632.670522
780.640495
94.320996
-352.804282
100.219250
778.578489
623.060205
-310.639936
-887.404463
-422.119936
399.385142
467.827337
-245.820576
-693.574779
-232.084366
480.292042
408.841774
-399.983250
-852.800068
-294.675161
597.522160
737.099475
89.080941
-332.804282
94.979195
735.037469
587.911843
-293.279256
-837.404463
-398.578916
375.992485
440.466657
-232.039501
-653.574779
-218.303291
452.931362
385.449117
-376.442230
-802.800068
-277.314481
562.373798
693.558456
83.840885
-312.804282
89.739140
691.496450
552.763481
-275.918576
-787.404463
-375.037896
352.599827
413.105977
-218.258426
-613.574779
-204.522216
425.570683
362.056459
-352.901211
-752.800068
-259.953801
527.225435
650.017436
78.600830
-292.804282
84.499084
647.955430
517.615118
-258.557896
-737.404463
-351.496877
329.207170
385.745297
-204.477351
-573.574779
-190.741141
398.210003
338.663802
-329.360191
-702.800068
-242.593121
492.077073
606.476417
73.360775
-272.804282
79.259029
604.414410
482.466756
-241.197217
-687.404463
-327.955857
305.814513
358.384618
-190.696276
-533.574779
-176.960066
370.849323
315.271145
-305.819171
-652.800068
-225.232442
456.928711
562.935397
68.120719
-252.804282
74.018974
560.873391
447.318394
-223.836537
-637.404463
-304.414837
282.421855
331.023938
-176.915201
-493.574779
-163.178991
343.488643
291.878487
-282.278152
-602.800068
-207.871762
421.780348
519.394377
62.880664
-232.804282
68.778919
517.332371
412.170031
-206.475857
-587.404463
-280.873818
259.029198
303.663258
-163.134126
-453.574779
-149.397916
316.127963
268.485830
-258.737132
-552.800068
-190.511082
386.631986
475.853358
57.640609
-212.804282
63.538863
473.791351
377.021669
-189.115177
-537.404463
-257.332798
235.636541
276.302578
-149.353051
-413.574779
-135.616841
288.767284
245.093173
-235.196112
-502.800068
-173.150402
351.483624
432.312338
52.400553
-192.804282
58.298808
430.250332
341.873307
-171.754498
-487.404463
-233.791778
212.243883
248.941899
-135.571976
-373.574779
-121.835766
261.406604
221.700516
-211.655093
-452.800068
-155.789722
316.335261
388.771318
47.160498
-172.804282
53.058753
386.709312
306.724944
-154.393818
-437.404463
-210.250759
188.851226
221.581219
-121.790901
-333.574779
-108.054691
234.045924
198.307858
-188.114073
-402.800068
-138.429043
281.186899
345.230299
41.920443
-152.804282
47.818697
343.168292
271.576582
-137.033138
-387.404463
-186.709739
165.458569
194.220539
-108.009826
-293.574779
-94.273616
206.685244
174.915201
-164.573053
-352.800068
-121.068363
246.038536
301.689279
36.680387
-132.804282
42.578642
299.627273
236.428220
-119.672458
-337.404463
-163.168719
142.065911
166.859859
-94.228751
-253.574779
-80.492541
179.324565
151.522544
-141.032034
-302.800068
-103.707683
210.890174
258.148259
31.440332
-112.804282
37.338587
256.086253
201.279857
-102.311778
-287.404463
-139.627700
118.673254
139.499179
-80.447676
-213.574779
-66.711466
151.963885
128.129886
-117.491014
-252.800068
-86.347003
175.741812
214.607240
26.200277
-92.804282
32.098531
212.545233
166.131495
-84.951099
-237.404463
-116.086680
95.280597
112.138500
-66.666601
-173.574779
-52.930391
124.603205
104.737229
-93.949994
-202.800068
-68.986324
140.593449
171.066220
20.960221
-72.804282
26.858476
169.004214
130.983132
-67.590419
-187.404463
-92.545660
71.887940
84.777820
-52.885526
-133.574779
-39.149316
97.242525
81.344572
-70.408975
-152.800068
-51.625644
105.445087
127.525200
15.720166
-52.804282
21.618421
125.463194
95.834770
-50.229739
-137.404463
-69.004641
48.495282
57.417140
-39.104451
-93.574779
-25.368241
69.881846
57.951914
-46.867955
-102.800068
-34.264964
70.296725
83.984181
10.480111
-32.804282
16.378365
81.922174
60.686408
-32.869059
-87.404463
-45.463621
25.102625
30.056460
-25.323376
-53.574779
-11.587166
42.521166
34.559257
-23.326935
-52.800068
-16.904284
35.148362
40.443161
5.240055
-12.804282
11.138310
38.381155
25.538045
-15.508380
-37.404463
-21.922601
1.709968
2.695781
-11.542301
-13.574779
2.193909
15.160486
11.166600
0.214084
-2.800068
0.456396
