-0.675571
0.032051
7.878984
14.872412
7.665924
-9.304404
-14.612702
-0.406691
11.832923
0.169362
-22.028876
-20.037951
11.031516
31.662735
9.348507
-31.788450
-38.361301
-1.379403
27.532178
7.360680
-30.248568
-21.148289
37.840398
74.872412
37.627339
-30.484744
-44.185699
6.953989
41.832923
1.349702
-63.357578
-57.398631
21.971800
71.662735
20.288791
-69.149130
-79.690003
-0.199063
57.532178
14.721360
-59.821565
-42.328629
67.801813
134.872412
67.588754
-51.665084
-73.758696
14.314669
71.832923
2.530042
-104.686281
-94.759310
32.912085
111.662735
31.229076
-106.509810
-121.018705
0.981277
87.532178
22.082039
-89.394562
-63.508969
97.763228
194.872412
97.550169
-72.845424
-103.331693
21.675348
101.832923
3.710382
-146.014983
-132.119990
43.852369
151.662735
42.169360
-143.870490
-162.347408
2.161616
117.532178
29.442719
-118.967559
-84.689309
127.724643
254.872412
127.511584
-94.025764
-132.904690
29.036028
131.832923
4.890722
-187.343685
-169.480670
54.792654
191.662735
53.109645
-181.231169
-203.676110
3.341956
147.532178
36.803399
-148.540556
-105.869649
157.686058
314.872412
157.472999
-115.206104
-162.477688
36.396708
161.832923
6.071062
-228.672387
-206.841350
65.732939
231.662735
64.049929
-218.591849
-245.004812
4.522296
177.532178
44.164079
-178.113554
-127.049989
187.647473
374.872412
187.434414
-136.386443
-192.050685
43.757388
191.832923
7.251401
-270.001090
-244.202030
76.673223
271.662735
74.990214
-255.952529
-286.333514
5.702636
207.532178
51.524758
-207.686551
-148.230329
217.608888
434.872412
217.395828
-157.566783
-221.623682
51.118067
221.832923
8.431741
-311.329792
-281.562709
87.613508
311.662735
85.930499
-293.313209
-327.662216
6.882976
237.532178
58.885438
-237.259548
-169.410669
247.570303
494.872412
247.357243
-178.747123
-251.196679
58.478747
251.832923
9.612081
-352.658494
-318.923389
98.553792
351.662735
96.870783
-330.673888
-368.990919
8.063316
267.532178
66.246118
-266.832545
-190.591008
277.531717
554.872412
277.318658
-199.927463
-280.769676
65.839427
281.832923
10.792421
-393.987196
-356.284069
109.494077
391.662735
107.811068
-368.034568
-410.319621
9.243656
297.532178
73.606798
-296.405542
-211.771348
307.493132
614.872412
307.280073
-221.107803
-310.342674
73.200107
311.832923
11.972761
-435.315899
-393.644749
120.434361
431.662735
118.751352
-405.395248
-451.648323
10.423996
327.532178
80.967478
-325.978540
-232.951688
337.454547
674.872412
337.241488
-242.288143
-339.915671
80.560787
341.832923
13.153101
-476.644601
-431.005428
131.374646
471.662735
129.691637
-442.755928
-492.977025
11.604336
357.532178
88.328157
-355.551537
-254.132028
367.415962
734.872412
367.202903
-263.468483
-369.488668
87.921466
371.832923
14.333441
-517.973303
-468.366108
142.314930
511.662735
140.631921
-480.116608
-534.305728
12.784675
387.532178
95.688837
-385.124534
-275.312368
397.377377
794.872412
397.164318
-284.648823
-399.061665
95.282146
401.832923
15.513781
-559.302005
-505.726788
153.255215
551.662735
151.572206
-517.477287
-575.634430
13.965015
417.532178
103.049517
-414.697531
-296.492708
427.338792
854.872412
427.125733
-305.829163
-428.634662
102.642826
431.832923
16.694121
-600.630707
-543.087468
164.195500
591.662735
162.512490
-554.837967
-616.963132
15.145355
447.532178
110.410197
-444.270528
-317.673048
457.300207
914.872412
457.087147
-327.009502
-458.207660
110.003506
461.832923
17.874460
-641.959410
-580.448147
175.135784
631.662735
173.452775
-592.198647
-658.291834
16.325695
477.532178
117.770876
-473.843526
-338.853388
487.261622
974.872412
487.048562
-348.189842
-487.780657
117.364185
491.832923
19.054800
-683.288112
-617.808827
186.076069
671.662735
184.393060
-629.559327
-699.620537
17.506035
507.532178
125.131556
-503.416523
-360.033728
517.223036
1034.872412
517.009977
-369.370182
-517.353654
124.724865
521.832923
20.235140
-724.616814
-655.169507
197.016353
711.662735
195.333344
-666.920006
-740.949239
18.686375
537.532178
132.492236
-532.989520
-381.214067
547.184451
1094.872412
546.971392
-390.550522
-546.926651
132.085545
551.832923
21.415480
-765.945516
-692.530187
207.956638
751.662735
206.273629
-704.280686
-782.277941
19.866715
567.532178
139.852916
-562.562517
-402.394407
577.145866
1154.872412
576.932807
-411.730862
-576.499648
139.446225
581.832923
22.595820
-807.274219
-729.890867
218.896922
791.662735
217.213913
-741.641366
-823.606643
21.047055
597.532178
147.213595
-592.135514
-423.574747
607.107281
1214.872412
606.894222
-432.911202
-606.072646
146.806904
611.832923
23.776160
-848.602921
-767.251546
229.837207
831.662735
228.154198
-779.002046
-864.935346
22.227395
627.532178
154.574275
-621.708512
-444.755087
637.068696
1274.872412
636.855637
-454.091542
-635.645643
154.167584
641.832923
24.956500
-889.931623
-804.612226
240.777491
871.662735
239.094482
-816.362726
-906.264048
23.407734
657.532178
161.934955
-651.281509
-465.935427
667.030111
1334.872412
666.817052
-475.271882
-665.218640
161.528264
671.832923
26.136840
-931.260325
-841.972906
251.717776
911.662735
250.034767
-853.723405
-947.592750
24.588074
687.532178
169.295635
-680.854506
-487.115767
696.991526
1394.872412
696.778467
-496.452222
-694.791637
168.888944
701.832923
27.317180
-972.589028
-879.333586
262.658061
951.662735
260.975051
-891.084085
-988.921452
25.768414
717.532178
176.656315
-710.427503
-508.296107
726.952941
1454.872412
726.739881
-517.632561
-724.364634
176.249624
731.832923
28.497519
-1013.917730
-916.694265
273.598345
991.662735
271.915336
-928.444765
-1030.250155
26.948754
747.532178
184.016994
-740.000500
-529.476447
756.914356
1514.872412
756.701296
-538.812901
-753.937632
183.610303
761.832923
29.677859
-1055.246432
-954.054945
284.538630
1031.662735
282.855621
-965.805445
-1071.578857
28.129094
777.532178
191.377674
-769.573498
-550.656787
786.875770
1574.872412
786.662711
-559.993241
-783.510629
190.970983
791.832923
30.858199
-1096.575134
-991.415625
295.478914
1071.662735
293.795905
-1003.166124
-1112.907559
29.309434
807.532178
198.738354
-799.146495
-571.837126
816.837185
1634.872412
816.624126
-581.173581
-813.083626
198.331663
821.832923
32.038539
-1137.903837
-1028.776305
306.419199
1111.662735
304.736190
-1040.526804
-1154.236261
30.489774
837.532178
206.099034
-828.719492
-593.017466
846.798600
1694.872412
846.585541
-602.353921
-842.656623
205.692343
851.832923
33.218879
-1179.232539
-1066.136985
317.359483
1151.662735
315.676474
-1077.887484
-1195.564964
31.670114
867.532178
213.459713
-858.292489
-614.197806
876.760015
1754.872412
876.546956
-623.534261
-872.229620
213.053022
881.832923
34.399219
-1220.561241
-1103.497664
328.299768
1191.662735
326.616759
-1115.248164
-1236.893666
32.850453
897.532178
220.820393
-887.865486
-635.378146
906.721430
1814.872412
906.508371
-644.714601
-901.802618
220.413702
911.832923
35.579559
-1261.889943
-1140.858344
339.240052
1231.662735
337.557043
-1152.608843
-1278.222368
34.030793
927.532178
228.181073
-917.438484
-656.558486
936.682845
1874.872412
936.469786
-665.894941
-931.375615
227.774382
941.832923
36.759899
-1303.218646
-1178.219024
350.180337
1271.662735
348.497328
-1189.969523
-1319.551070
35.211133
957.532178
235.541753
-947.011481
-677.738826
966.644260
1934.872412
966.431200
-687.075281
-960.948612
235.135062
971.832923
37.940239
-1344.547348
-1215.579704
361.120622
1311.662735
359.437612
-1227.330203
-1360.879773
36.391473
987.532178
242.902433
-976.584478
-698.919166
996.605675
1994.872412
996.392615
-708.255620
-990.521609
242.495742
1001.832923
39.120578
-1385.876050
-1252.940383
372.060906
1351.662735
370.377897
-1264.690883
-1402.208475
37.571813
1017.532178
250.263112
-1006.157475
-720.099506
1026.567089
2054.872412
1026.354030
-729.435960
-1020.094606
249.856421
1031.832923
40.300918
-1427.204752
-1290.301063
383.001191
1391.662735
381.318182
-1302.051563
-1443.537177
38.752153
1047.532178
257.623792
-1035.730472
-741.279846
1056.528504
2114.872412
1056.315445
-750.616300
-1049.667604
257.217101
1061.832923
41.481258
-1468.533455
-1327.661743
393.941475
1431.662735
392.258466
-1339.412242
-1484.865879
39.932493
1077.532178
264.984472
-1065.303470
-762.460185
1086.489919
2174.872412
1086.276860
-771.796640
-1079.240601
264.577781
1091.832923
42.661598
-1509.862157
-1365.022423
404.881760
1471.662735
403.198751
-1376.772922
-1526.194582
41.112833
1107.532178
272.345152
-1094.876467
-783.640525
1116.451334
2234.872412
1116.238275
-792.976980
-1108.813598
271.938461
1121.832923
43.841938
-1551.190859
-1402.383103
415.822044
1511.662735
414.139035
-1414.133602
-1567.523284
42.293173
1137.532178
279.705831
-1124.449464
-804.820865
1146.412749
2294.872412
1146.199690
-814.157320
-1138.386595
279.299140
1151.832923
45.022278
-1592.519561
-1439.743782
426.762329
1551.662735
425.079320
-1451.494282
-1608.851986
43.473512
1167.532178
287.066511
-1154.022461
-826.001205
1176.374164
2354.872412
1176.161105
-835.337660
-1167.959592
286.659820
1181.832923
46.202618
-1633.848264
-1477.104462
437.702613
1591.662735
436.019604
-1488.854961
-1650.180688
44.653852
1197.532178
294.427191
-1183.595458
-847.181545
1206.335579
2414.872412
1206.122519
-856.518000
-1197.532589
294.020500
1211.832923
47.382958
-1675.176966
-1514.465142
448.642898
1631.662735
446.959889
-1526.215641
-1691.509390
45.834192
1227.532178
301.787871
-1213.168456
-868.361885
1236.296994
2474.872412
1236.083934
-877.698340
-1227.105587
301.381180
1241.832923
48.563298
-1716.505668
-1551.825822
459.583183
1671.662735
457.900173
-1563.576321
-1732.838093
47.014532
1257.532178
309.148551
-1242.741453
-889.542225
1266.258409
2534.872412
1266.045349
-898.878679
-1256.678584
308.741860
1271.832923
49.743637
-1757.834370
-1589.186501
470.523467
1711.662735
468.840458
-1600.937001
-1774.166795
48.194872
1287.532178
316.509230
-1272.314450
-910.722565
1296.219823
2594.872412
1296.006764
-920.059019
-1286.251581
316.102539
1301.832923
50.923977
-1799.163072
-1626.547181
481.463752
1751.662735
479.780743
-1638.297681
-1815.495497
49.375212
1317.532178
323.869910
-1301.887447
-931.902905
1326.181238
2654.872412
1325.968179
-941.239359
-1315.824578
323.463219
1331.832923
52.104317
-1840.491775
-1663.907861
492.404036
1791.662735
490.721027
-1675.658360
-1856.824199
50.555552
1347.532178
331.230590
-1331.460444
-953.083244
1356.142653
2714.872412
1355.929594
-962.419699
-1345.397575
330.823899
1361.832923
53.284657
-1881.820477
-1701.268541
503.344321
1831.662735
501.661312
-1713.019040
-1898.152902
51.735892
1377.532178
338.591270
-1361.033442
-974.263584
1386.104068
2774.872412
1385.891009
-983.600039
-1374.970573
338.184579
1391.832923
54.464997
-1923.149179
-1738.629221
514.284605
1871.662735
512.601596
-1750.379720
-1939.481604
52.916232
1407.532178
345.951949
-1390.606439
-995.443924
1416.065483
2834.872412
1415.852424
-1004.780379
-1404.543570
345.545258
1421.832923
55.645337
-1964.477881
-1775.989900
525.224890
1911.662735
523.541881
-1787.740400
-1980.810306
54.096571
1437.532178
353.312629
-1420.179436
-1016.624264
1446.026898
2894.872412
1445.813839
-1025.960719
-1434.116567
352.905938
1451.832923
56.825677
-2005.806584
-1813.350580
536.165174
1951.662735
534.482165
-1825.101079
-2022.139008
55.276911
1467.532178
360.673309
-1449.752433
-1037.804604
1475.988313
2954.872412
1475.775253
-1047.141059
-1463.689564
360.266618
1481.832923
58.006017
-2047.135286
-1850.711260
547.105459
1991.662735
545.422450
-1862.461759
-2063.467711
56.457251
1497.532178
368.033989
-1479.325430
-1058.984944
1505.949728
3014.872412
1505.736668
-1068.321399
-1493.262561
367.627298
1511.832923
59.186357
-2088.463988
-1888.071940
558.045744
2031.662735
556.362734
-1899.822439
-2104.796413
57.637591
1527.532178
375.394669
-1508.898427
-1080.165284
1535.911142
3074.872412
1535.911142
-1080.165284
-1508.898427
375.394669
1527.532178
57.637591
-2104.796413
-1899.822439
556.362734
2031.662735
558.045744
-1888.071940
-2088.463988
59.186357
1511.832923
367.627298
-1493.262561
-1068.321399
1505.736668
3014.872412
1505.949728
-1058.984944
-1479.325430
368.033989
1497.532178
56.457251
-2063.467711
-1862.461759
545.422450
1991.662735
547.105459
-1850.711260
-2047.135286
58.006017
1481.832923
360.266618
-1463.689564
-1047.141059
1475.775253
2954.872412
1475.988313
-1037.804604
-1449.752433
360.673309
1467.532178
55.276911
-2022.139008
-1825.101079
534.482165
1951.662735
536.165174
-1813.350580
-2005.806584
56.825677
1451.832923
352.905938
-1434.116567
-1025.960719
1445.813839
2894.872412
1446.026898
-1016.624264
-1420.179436
353.312629
1437.532178
54.096571
-1980.810306
-1787.740400
523.541881
1911.662735
525.224890
-1775.989900
-1964.477881
55.645337
1421.832923
345.545258
-1404.543570
-1004.780379
1415.852424
2834.872412
1416.065483
-995.443924
-1390.606439
345.951949
1407.532178
52.916232
-1939.481604
-1750.379720
512.601596
1871.662735
514.284605
-1738.629221
-1923.149179
54.464997
1391.832923
338.184579
-1374.970573
-983.600039
1385.891009
2774.872412
1386.104068
-974.263584
-1361.033442
338.591270
1377.532178
51.735892
-1898.152902
-1713.019040
501.661312
1831.662735
503.344321
-1701.268541
-1881.820477
53.284657
1361.832923
330.823899
-1345.397575
-962.419699
1355.929594
2714.872412
1356.142653
-953.083244
-1331.460444
331.230590
1347.532178
50.555552
-1856.824199
-1675.658360
490.721027
1791.662735
492.404036
-1663.907861
-1840.491775
52.104317
1331.832923
323.463219
-1315.824578
-941.239359
1325.968179
2654.872412
1326.181238
-931.902905
-1301.887447
323.869910
1317.532178
49.375212
-1815.495497
-1638.297681
479.780743
1751.662735
481.463752
-1626.547181
-1799.163072
50.923977
1301.832923
316.102539
-1286.251581
-920.059019
1296.006764
2594.872412
1296.219823
-910.722565
-1272.314450
316.509230
1287.532178
48.194872
-1774.166795
-1600.937001
468.840458
1711.662735
470.523467
-1589.186501
-1757.834370
49.743637
1271.832923
308.741860
-1256.678584
-898.878679
1266.045349
2534.872412
1266.258409
-889.542225
-1242.741453
309.148551
1257.532178
47.014532
-1732.838093
-1563.576321
457.900173
1671.662735
459.583183
-1551.825822
-1716.505668
48.563298
1241.832923
301.381180
-1227.105587
-877.698340
1236.083934
2474.872412
1236.296994
-868.361885
-1213.168456
301.787871
1227.532178
45.834192
-1691.509390
-1526.215641
446.959889
1631.662735
448.642898
-1514.465142
-1675.176966
47.382958
1211.832923
294.020500
-1197.532589
-856.518000
1206.122519
2414.872412
1206.335579
-847.181545
-1183.595458
294.427191
1197.532178
44.653852
-1650.180688
-1488.854961
436.019604
1591.662735
437.702613
-1477.104462
-1633.848264
46.202618
1181.832923
286.659820
-1167.959592
-835.337660
1176.161105
2354.872412
1176.374164
-826.001205
-1154.022461
287.066511
1167.532178
43.473512
-1608.851986
-1451.494282
425.079320
1551.662735
426.762329
-1439.743782
-1592.519561
45.022278
1151.832923
279.299140
-1138.386595
-814.157320
1146.199690
2294.872412
1146.412749
-804.820865
-1124.449464
279.705831
1137.532178
42.293173
-1567.523284
-1414.133602
414.139035
1511.662735
415.822044
-1402.383103
-1551.190859
43.841938
1121.832923
271.938461
-1108.813598
-792.976980
1116.238275
2234.872412
1116.451334
-783.640525
-1094.876467
272.345152
1107.532178
41.112833
-1526.194582
-1376.772922
403.198751
1471.662735
404.881760
-1365.022423
-1509.862157
42.661598
1091.832923
264.577781
-1079.240601
-771.796640
1086.276860
2174.872412
1086.489919
-762.460185
-1065.303470
264.984472
1077.532178
39.932493
-1484.865879
-1339.412242
392.258466
1431.662735
393.941475
-1327.661743
-1468.533455
41.481258
1061.832923
257.217101
-1049.667604
-750.616300
1056.315445
2114.872412
1056.528504
-741.279846
-1035.730472
257.623792
1047.532178
38.752153
-1443.537177
-1302.051563
381.318182
1391.662735
383.001191
-1290.301063
-1427.204752
40.300918
1031.832923
249.856421
-1020.094606
-729.435960
1026.354030
2054.872412
1026.567089
-720.099506
-1006.157475
250.263112
1017.532178
37.571813
-1402.208475
-1264.690883
370.377897
1351.662735
372.060906
-1252.940383
-1385.876050
39.120578
1001.832923
242.495742
-990.521609
-708.255620
996.392615
1994.872412
996.605675
-698.919166
-976.584478
242.902433
987.532178
36.391473
-1360.879773
-1227.330203
359.437612
1311.662735
361.120622
-1215.579704
-1344.547348
37.940239
971.832923
235.135062
-960.948612
-687.075281
966.431200
1934.872412
966.644260
-677.738826
-947.011481
235.541753
957.532178
35.211133
-1319.551070
-1189.969523
348.497328
1271.662735
350.180337
-1178.219024
-1303.218646
36.759899
941.832923
227.774382
-931.375615
-665.894941
936.469786
1874.872412
936.682845
-656.558486
-917.438484
228.181073
927.532178
34.030793
-1278.222368
-1152.608843
337.557043
1231.662735
339.240052
-1140.858344
-1261.889943
35.579559
911.832923
220.413702
-901.802618
-644.714601
906.508371
1814.872412
906.721430
-635.378146
-887.865486
220.820393
897.532178
32.850453
-1236.893666
-1115.248164
326.616759
1191.662735
328.299768
-1103.497664
-1220.561241
34.399219
881.832923
213.053022
-872.229620
-623.534261
876.546956
1754.872412
876.760015
-614.197806
-858.292489
213.459713
867.532178
31.670114
-1195.564964
-1077.887484
315.676474
1151.662735
317.359483
-1066.136985
-1179.232539
33.218879
851.832923
205.692343
-842.656623
-602.353921
846.585541
1694.872412
846.798600
-593.017466
-828.719492
206.099034
837.532178
30.489774
-1154.236261
-1040.526804
304.736190
1111.662735
306.419199
-1028.776305
-1137.903837
32.038539
821.832923
198.331663
-813.083626
-581.173581
816.624126
1634.872412
816.837185
-571.837126
-799.146495
198.738354
807.532178
29.309434
-1112.907559
-1003.166124
293.795905
1071.662735
295.478914
-991.415625
-1096.575134
30.858199
791.832923
190.970983
-783.510629
-559.993241
786.662711
1574.872412
786.875770
-550.656787
-769.573498
191.377674
777.532178
28.129094
-1071.578857
-965.805445
282.855621
1031.662735
284.538630
-954.054945
-1055.246432
29.677859
761.832923
183.610303
-753.937632
-538.812901
756.701296
1514.872412
756.914356
-529.476447
-740.000500
184.016994
747.532178
26.948754
-1030.250155
-928.444765
271.915336
991.662735
273.598345
-916.694265
-1013.917730
28.497519
731.832923
176.249624
-724.364634
-517.632561
726.739881
1454.872412
726.952941
-508.296107
-710.427503
176.656315
717.532178
25.768414
-988.921452
-891.084085
260.975051
951.662735
262.658061
-879.333586
-972.589028
27.317180
701.832923
168.888944
-694.791637
-496.452222
696.778467
1394.872412
696.991526
-487.115767
-680.854506
169.295635
687.532178
24.588074
-947.592750
-853.723405
250.034767
911.662735
251.717776
-841.972906
-931.260325
26.136840
671.832923
161.528264
-665.218640
-475.271882
666.817052
1334.872412
667.030111
-465.935427
-651.281509
161.934955
657.532178
23.407734
-906.264048
-816.362726
239.094482
871.662735
240.777491
-804.612226
-889.931623
24.956500
641.832923
154.167584
-635.645643
-454.091542
636.855637
1274.872412
637.068696
-444.755087
-621.708512
154.574275
627.532178
22.227395
-864.935346
-779.002046
228.154198
831.662735
229.837207
-767.251546
-848.602921
23.776160
611.832923
146.806904
-606.072646
-432.911202
606.894222
1214.872412
607.107281
-423.574747
-592.135514
147.213595
597.532178
21.047055
-823.606643
-741.641366
217.213913
791.662735
218.896922
-729.890867
-807.274219
22.595820
581.832923
139.446225
-576.499648
-411.730862
576.932807
1154.872412
577.145866
-402.394407
-562.562517
139.852916
567.532178
19.866715
-782.277941
-704.280686
206.273629
751.662735
207.956638
-692.530187
-765.945516
21.415480
551.832923
132.085545
-546.926651
-390.550522
546.971392
1094.872412
547.184451
-381.214067
-532.989520
132.492236
537.532178
18.686375
-740.949239
-666.920006
195.333344
711.662735
197.016353
-655.169507
-724.616814
20.235140
521.832923
124.724865
-517.353654
-369.370182
517.009977
1034.872412
517.223036
-360.033728
-503.416523
125.131556
507.532178
17.506035
-699.620537
-629.559327
184.393060
671.662735
186.076069
-617.808827
-683.288112
19.054800
491.832923
117.364185
-487.780657
-348.189842
487.048562
974.872412
487.261622
-338.853388
-473.843526
117.770876
477.532178
16.325695
-658.291834
-592.198647
173.452775
631.662735
175.135784
-580.448147
-641.959410
17.874460
461.832923
110.003506
-458.207660
-327.009502
457.087147
914.872412
457.300207
-317.673048
-444.270528
110.410197
447.532178
15.145355
-616.963132
-554.837967
162.512490
591.662735
164.195500
-543.087468
-600.630707
16.694121
431.832923
102.642826
-428.634662
-305.829163
427.125733
854.872412
427.338792
-296.492708
-414.697531
103.049517
417.532178
13.965015
-575.634430
-517.477287
151.572206
551.662735
153.255215
-505.726788
-559.302005
15.513781
401.832923
95.282146
-399.061665
-284.648823
397.164318
794.872412
397.377377
-275.312368
-385.124534
95.688837
387.532178
12.784675
-534.305728
-480.116608
140.631921
511.662735
142.314930
-468.366108
-517.973303
14.333441
371.832923
87.921466
-369.488668
-263.468483
367.202903
734.872412
367.415962
-254.132028
-355.551537
88.328157
357.532178
11.604336
-492.977025
-442.755928
129.691637
471.662735
131.374646
-431.005428
-476.644601
13.153101
341.832923
80.560787
-339.915671
-242.288143
337.241488
674.872412
337.454547
-232.951688
-325.978540
80.967478
327.532178
10.423996
-451.648323
-405.395248
118.751352
431.662735
120.434361
-393.644749
-435.315899
11.972761
311.832923
73.200107
-310.342674
-221.107803
307.280073
614.872412
307.493132
-211.771348
-296.405542
73.606798
297.532178
9.243656
-410.319621
-368.034568
107.811068
391.662735
109.494077
-356.284069
-393.987196
10.792421
281.832923
65.839427
-280.769676
-199.927463
277.318658
554.872412
277.531717
-190.591008
-266.832545
66.246118
267.532178
8.063316
-368.990919
-330.673888
96.870783
351.662735
98.553792
-318.923389
-352.658494
9.612081
251.832923
58.478747
-251.196679
-178.747123
247.357243
494.872412
247.570303
-169.410669
-237.259548
58.885438
237.532178
6.882976
-327.662216
-293.313209
85.930499
311.662735
87.613508
-281.562709
-311.329792
8.431741
221.832923
51.118067
-221.623682
-157.566783
217.395828
434.872412
217.608888
-148.230329
-207.686551
51.524758
207.532178
5.702636
-286.333514
-255.952529
74.990214
271.662735
76.673223
-244.202030
-270.001090
7.251401
191.832923
43.757388
-192.050685
-136.386443
187.434414
374.872412
187.647473
-127.049989
-178.113554
44.164079
177.532178
4.522296
-245.004812
-218.591849
64.049929
231.662735
65.732939
-206.841350
-228.672387
6.071062
161.832923
36.396708
-162.477688
-115.206104
157.472999
314.872412
157.686058
-105.869649
-148.540556
36.803399
147.532178
3.341956
-203.676110
-181.231169
53.109645
191.662735
54.792654
-169.480670
-187.343685
4.890722
131.832923
29.036028
-132.904690
-94.025764
127.511584
254.872412
127.724643
-84.689309
-118.967559
29.442719
117.532178
2.161616
-162.347408
-143.870490
42.169360
151.662735
43.852369
-132.119990
-146.014983
3.710382
101.832923
21.675348
-103.331693
-72.845424
97.550169
194.872412
97.763228
-63.508969
-89.394562
22.082039
87.532178
0.981277
-121.018705
-106.509810
31.229076
111.662735
32.912085
-94.759310
-104.686281
2.530042
71.832923
14.314669
-73.758696
-51.665084
67.588754
134.872412
67.801813
-42.328629
-59.821565
14.721360
57.532178
-0.199063
-79.690003
-69.149130
20.288791
71.662735
21.971800
-57.398631
-63.357578
1.349702
41.832923
6.953989
-44.185699
-30.484744
37.627339
74.872412
37.840398
-21.148289
-30.248568
7.360680
27.532178
-1.379403
-38.361301
-31.788450
9.348507
31.662735
11.031516
-20.037951
-22.028876
0.169362
11.832923
-0.406691
-14.612702
-9.304404
7.665924
14.872412
7.878984
0.032051
-0.675571
