1.000000
6.040294
13.266034
11.166600
-3.306066
-13.431435
-2.750357
18.076537
21.133761
0.930877
-13.351146
2.073109
26.667087
19.045067
-22.559294
-49.434338
-25.494776
19.314373
25.394773
-13.781072
-39.000009
-7.740790
40.626714
34.559262
-26.847088
-63.431444
-20.111041
53.224908
64.674792
6.170933
-33.351156
7.313155
70.208108
54.193435
-39.919975
-99.434346
-49.035798
42.707041
52.755467
-27.562143
-79.000018
-21.521873
67.987395
57.951924
-50.388110
-113.431454
-37.471725
88.373278
108.215824
11.410990
-53.351166
12.553202
113.749129
89.341803
-57.280656
-149.434353
-72.576819
66.099709
80.116161
-41.343215
-119.000027
-35.302957
95.348076
81.344586
-73.929133
-163.431463
-54.832409
123.521649
151.756855
16.651047
-73.351175
17.793248
157.290150
124.490172
-74.641336
-199.434360
-96.117840
89.492377
107.476855
-55.124287
-159.000035
-49.084040
122.708756
104.737248
-97.470155
-213.431473
-72.193093
158.670019
195.297887
21.891104
-93.351185
23.033295
200.831171
159.638540
-92.002017
-249.434367
-119.658862
112.885045
134.837548
-68.905359
-199.000044
-62.865124
150.069437
128.129910
-121.011177
-263.431482
-89.553777
193.818390
238.838919
27.131161
-113.351195
28.273341
244.372192
194.786908
-109.362697
-299.434374
-143.199883
136.277713
162.198242
-82.686430
-239.000053
-76.646208
177.430117
151.522571
-144.552200
-313.431492
-106.914461
228.966760
282.379950
32.371218
-133.351205
33.513388
287.913213
229.935276
-126.723378
-349.434381
-166.740904
159.670381
189.558936
-96.467502
-279.000062
-90.427291
204.790798
174.915233
-168.093222
-363.431501
-124.275145
264.115131
325.920982
37.611275
-153.351215
38.753434
331.454234
265.083644
-144.084058
-399.434389
-190.281925
183.063049
216.919630
-110.248574
-319.000071
-104.208375
232.151479
198.307895
-191.634245
-413.431511
-141.635829
299.263502
369.462013
42.851332
-173.351225
43.993481
374.995255
300.232013
-161.444739
-449.434396
-213.822947
206.455717
244.280324
-124.029645
-359.000080
-117.989458
259.512159
221.700557
-215.175267
-463.431520
-158.996513
334.411872
413.003045
48.091388
-193.351235
49.233527
418.536276
335.380381
-178.805420
-499.434403
-237.363968
229.848385
271.641018
-137.810717
-399.000089
-131.770542
286.872840
245.093219
-238.716289
-513.431530
-176.357197
369.560243
456.544076
53.331445
-213.351245
54.473573
462.077297
370.528749
-196.166100
-549.434410
-260.904989
253.241053
299.001712
-151.591789
-439.000098
-145.551626
314.233520
268.485881
-262.257312
-563.431540
-193.717881
404.708613
500.085108
58.571502
-233.351255
59.713620
505.618318
405.677117
-213.526781
-599.434417
-284.446011
276.633721
326.362406
-165.372861
-479.000106
-159.332709
341.594201
291.878543
-285.798334
-613.431549
-211.078565
439.856984
543.626139
63.811559
-253.351265
64.953666
549.159339
440.825485
-230.887461
-649.434425
-307.987032
300.026390
353.723099
-179.153932
-519.000115
-173.113793
368.954882
315.271204
-309.339356
-663.431559
-228.439249
475.005355
587.167171
69.051616
-273.351275
70.193713
592.700360
475.973854
-248.248142
-699.434432
-331.528053
323.419058
381.083793
-192.935004
-559.000124
-186.894876
396.315562
338.663866
-332.880379
-713.431568
-245.799933
510.153725
630.708202
74.291673
-293.351285
75.433759
636.241381
511.122222
-265.608822
-749.434439
-355.069074
346.811726
408.444487
-206.716076
-599.000133
-200.675960
423.676243
362.056528
-356.421401
-763.431578
-263.160617
545.302096
674.249234
79.531730
-313.351295
80.673806
679.782402
546.270590
-282.969503
-799.434446
-378.610096
370.204394
435.805181
-220.497147
-639.000142
-214.457044
451.036923
385.449190
-379.962423
-813.431587
-280.521301
580.450466
717.790265
84.771787
-333.351304
85.913852
723.323423
581.418958
-300.330184
-849.434453
-402.151117
393.597062
463.165875
-234.278219
-679.000151
-228.238127
478.397604
408.841852
-403.503446
-863.431597
-297.881985
615.598837
761.331297
90.011844
-353.351314
91.153899
766.864444
616.567326
-317.690864
-899.434461
-425.692138
416.989730
490.526569
-248.059291
-719.000160
-242.019211
505.758284
432.234514
-427.044468
-913.431606
-315.242669
650.747207
804.872328
95.251900
-373.351324
96.393945
810.405465
651.715695
-335.051545
-949.434468
-449.233160
440.382398
517.887263
-261.840363
-759.000169
-255.800294
533.118965
455.627176
-450.585491
-963.431616
-332.603353
685.895578
848.413360
100.491957
-393.351334
101.633992
853.946486
686.864063
-352.412225
-999.434475
-472.774181
463.775066
545.247956
-275.621434
-799.000177
-269.581378
560.479646
479.019838
-474.126513
-1013.431625
-349.964037
721.043949
891.954391
105.732014
-413.351344
106.874038
897.487507
722.012431
-369.772906
-1049.434482
-496.315202
487.167734
572.608650
-289.402506
-839.000186
-283.362462
587.840326
502.412499
-497.667535
-1063.431635
-367.324721
756.192319
935.495423
110.972071
-433.351354
112.114084
941.028528
757.160799
-387.133586
-1099.434489
-519.856223
510.560402
599.969344
-303.183578
-879.000195
-297.143545
615.201007
525.805161
-521.208558
-1113.431644
-384.685405
791.340690
979.036454
116.212128
-453.351364
117.354131
984.569549
792.309167
-404.494267
-1149.434496
-543.397245
533.953070
627.330038
-316.964649
-919.000204
-310.924629
642.561687
549.197823
-544.749580
-1163.431654
-402.046089
826.489060
1022.577486
121.452185
-473.351374
122.594177
1028.110570
827.457536
-421.854948
-1199.434504
-566.938266
557.345738
654.690732
-330.745721
-959.000213
-324.705712
669.922368
572.590485
-568.290602
-1213.431664
-419.406773
861.637431
1066.118517
126.692242
-493.351384
127.834224
1071.651591
862.605904
-439.215628
-1249.434511
-590.479287
580.738406
682.051426
-344.526793
-999.000222
-338.486796
697.283049
595.983147
-591.831625
-1263.431673
-436.767456
896.785802
1109.659549
131.932299
-513.351394
133.074270
1115.192612
897.754272
-456.576309
-1299.434518
-614.020309
604.131074
709.412120
-358.307865
-1039.000231
-352.267880
724.643729
619.375809
-615.372647
-1313.431683
-454.128140
931.934172
1153.200580
137.172355
-533.351404
138.314317
1158.733633
932.902640
-473.936989
-1349.434525
-637.561330
627.523742
736.772813
-372.088936
-1079.000240
-366.048963
752.004410
642.768471
-638.913669
-1363.431692
-471.488824
967.082543
1196.741612
142.412412
-553.351414
143.554363
1202.274654
968.051008
-491.297670
-1399.434532
-661.102351
650.916410
764.133507
-385.870008
-1119.000248
-379.830047
779.365090
666.161133
-662.454692
-1413.431702
-488.849508
1002.230913
1240.282643
147.652469
-573.351424
148.794410
1245.815675
1003.199377
-508.658350
-1449.434540
-684.643372
674.309078
791.494201
-399.651080
-1159.000257
-393.611130
806.725771
689.553794
-685.995714
-1463.431711
-506.210192
1037.379284
1283.823675
152.892526
-593.351434
154.034456
1289.356696
1038.347745
-526.019031
-1499.434547
-708.184394
697.701746
818.854895
-413.432151
-1199.000266
-407.392214
834.086452
712.946456
-709.536737
-1513.431721
-523.570876
1072.527654
1327.364706
158.132583
-613.351443
159.274503
1332.897717
1073.496113
-543.379711
-1549.434554
-731.725415
721.094415
846.215589
-427.213223
-1239.000275
-421.173298
861.447132
736.339118
-733.077759
-1563.431730
-540.931560
1107.676025
1370.905738
163.372640
-633.351453
164.514549
1376.438738
1108.644481
-560.740392
-1599.434561
-755.266436
744.487083
873.576283
-440.994295
-1279.000284
-434.954381
888.807813
759.731780
-756.618781
-1613.431740
-558.292244
1142.824396
1414.446769
168.612697
-653.351463
169.754595
1419.979759
1143.792849
-578.101073
-1649.434568
-778.807458
767.879751
900.936977
-454.775367
-1319.000293
-448.735465
916.168493
783.124442
-780.159804
-1663.431749
-575.652928
1177.972766
1457.987801
173.852754
-673.351473
174.994642
1463.520780
1178.941218
-595.461753
-1699.434576
-802.348479
791.272419
928.297671
-468.556438
-1359.000302
-462.516548
943.529174
806.517104
-803.700826
-1713.431759
-593.013612
1213.121137
1501.528833
179.092811
-693.351483
180.234688
1507.061801
1214.089586
-612.822434
-1749.434583
-825.889500
814.665087
955.658364
-482.337510
-1399.000311
-476.297632
970.889854
829.909766
-827.241848
-1763.431769
-610.374296
1248.269507
1545.069864
184.332867
-713.351493
185.474735
1550.602822
1249.237954
-630.183114
-1799.434590
-849.430521
838.057755
983.019058
-496.118582
-1439.000319
-490.078715
998.250535
853.302427
-850.782871
-1813.431778
-627.734980
1283.417878
1588.610896
189.572924
-733.351503
190.714781
1594.143843
1284.386322
-647.543795
-1849.434597
-872.971543
861.450423
1010.379752
-509.899653
-1479.000328
-503.859799
1025.611216
876.695089
-874.323893
-1863.431788
-645.095664
1318.566249
1632.151927
194.812981
-753.351513
195.954828
1637.684864
1319.534690
-664.904475
-1899.434604
-896.512564
884.843091
1037.740446
-523.680725
-1519.000337
-517.640883
1052.971896
900.087751
-897.864916
-1913.431797
-662.456348
1353.714619
1675.692959
200.053038
-773.351523
201.194874
1681.225885
1354.683059
-682.265156
-1949.434611
-920.053585
908.235759
1065.101140
-537.461797
-1559.000346
-531.421966
1080.332577
923.480413
-921.405938
-1963.431807
-679.817032
1388.862990
1719.233990
205.293095
-793.351533
206.434921
1724.766906
1389.831427
-699.625837
-1999.434619
-943.594607
931.628427
1092.461834
-551.242869
-1599.000355
-545.203050
1107.693257
946.873075
-944.946960
-2013.431816
-697.177716
1424.011360
1762.775022
210.533152
-813.351543
211.674967
1768.307927
1424.979795
-716.986517
-2049.434626
-967.135628
955.021095
1119.822528
-565.023940
-1639.000364
-558.984133
1135.053938
970.265737
-968.487983
-2063.431826
-714.538400
1459.159731
1806.316053
215.773209
-833.351553
216.915014
1811.848948
1460.128163
-734.347198
-2099.434633
-990.676649
978.413763
1147.183221
-578.805012
-1679.000373
-572.765217
1162.414619
993.658399
-992.029005
-2113.431835
-731.899084
1494.308101
1849.857085
221.013266
-853.351563
222.155060
1855.389969
1495.276531
-751.707878
-2149.434640
-1014.217670
1001.806431
1174.543915
-592.586084
-1719.000381
-586.546301
1189.775299
1017.051061
-1015.570027
-2163.431845
-749.259768
1529.456472
1893.398116
226.253322
-873.351572
227.395106
1898.930990
1530.424900
-769.068559
-2199.434647
-1037.758692
1025.199099
1201.904609
-606.367155
-1759.000390
-600.327384
1217.135980
1040.443722
-1039.111050
-2213.431854
-766.620452
1564.604843
1936.939148
231.493379
-893.351582
232.635153
1942.472011
1565.573268
-786.429239
-2249.434655
-1061.299713
1048.591767
1229.265303
-620.148227
-1799.000399
-614.108468
1244.496660
1063.836384
-1062.652072
-2263.431864
-783.981136
1599.753213
1980.480179
236.733436
-913.351592
237.875199
1986.013032
1600.721636
-803.789920
-2299.434662
-1084.840734
1071.984435
1256.625997
-633.929299
-1839.000408
-627.889551
1271.857341
1087.229046
-1086.193094
-2313.431873
-801.341820
1634.901584
2024.021211
241.973493
-933.351602
243.115246
2029.554053
1635.870004
-821.150601
-2349.434669
-1108.381756
1095.377103
1283.986691
-647.710371
-1879.000417
-641.670635
1299.218022
1110.621708
-1109.734117
-2363.431883
-818.702504
1670.049954
2067.562242
247.213550
-953.351612
248.355292
2073.095074
1671.018372
-838.511281
-2399.434676
-1131.922777
1118.769772
1311.347385
-661.491442
-1919.000426
-655.451719
1326.578702
1134.014370
-1133.275139
-2413.431893
-836.063188
1705.198325
2111.103274
252.453607
-973.351622
253.595339
2116.636095
1706.166741
-855.871962
-2449.434683
-1155.463798
1142.162440
1338.708079
-675.272514
-1959.000435
-669.232802
1353.939383
1157.407032
-1156.816162
-2463.431902
-853.423872
1740.346696
2154.644305
257.693664
-993.351632
258.835385
2160.177116
1741.315109
-873.232642
-2499.434691
-1179.004819
1165.555108
1366.068772
-689.053586
-1999.000444
-683.013886
1381.300063
1180.799694
-1180.357184
-2513.431912
-870.784555
1775.495066
2198.185337
262.933721
-1013.351642
264.075432
2203.718137
1776.463477
-890.593323
-2549.434698
-1202.545841
1188.947776
1393.429466
-702.834657
-2039.000452
-696.794969
1408.660744
1204.192356
-1200.378058
-2552.800557
-884.938486
1792.566900
2217.494747
267.242901
-1012.804785
273.140627
2215.432205
1782.956457
-883.542410
-2537.404827
-1198.973667
1171.343378
1370.730480
-700.595887
-2013.575225
-686.860270
1383.194517
1180.799694
-1176.837036
-2502.800547
-867.577802
1757.418529
2173.953715
262.002844
-992.804775
267.900581
2171.891184
1747.808089
-866.181730
-2487.404820
-1175.432646
1147.950710
1343.369786
-686.814815
-1973.575216
-673.079186
1355.833837
1157.407032
-1153.296014
-2452.800538
-850.217118
1722.270158
2130.412684
256.762787
-972.804765
262.660534
2128.350163
1712.659721
-848.821049
-2437.404813
-1151.891625
1124.558042
1316.009092
-673.033743
-1933.575207
-659.298102
1328.473156
1134.014370
-1129.754991
-2402.800528
-832.856434
1687.121788
2086.871652
251.522730
-952.804755
257.420488
2084.809142
1677.511352
-831.460369
-2387.404806
-1128.350603
1101.165374
1288.648399
-659.252672
-1893.575198
-645.517019
1301.112475
1110.621708
-1106.213969
-2352.800519
-815.495750
1651.973417
2043.330621
246.282673
-932.804745
252.180441
2041.268121
1642.362984
-814.099688
-2337.404799
-1104.809582
1077.772706
1261.287705
-645.471600
-1853.575189
-631.735935
1273.751795
1087.229046
-1082.672946
-2302.800509
-798.135066
1616.825047
1999.789589
241.042617
-912.804735
246.940395
1997.727100
1607.214616
-796.739007
-2287.404791
-1081.268561
1054.380038
1233.927011
-631.690528
-1813.575180
-617.954852
1246.391114
1063.836384
-1059.131924
-2252.800499
-780.774382
1581.676676
1956.248558
235.802560
-892.804726
241.700348
1954.186079
1572.066248
-779.378327
-2237.404784
-1057.727540
1030.987370
1206.566317
-617.909457
-1773.575172
-604.173768
1219.030434
1040.443722
-1035.590902
-2202.800490
-763.413698
1546.528306
1912.707526
230.562503
-872.804716
236.460302
1910.645058
1536.917880
-762.017646
-2187.404777
-1034.186518
1007.594702
1179.205623
-604.128385
-1733.575163
-590.392684
1191.669753
1017.051061
-1012.049879
-2152.800480
-746.053014
1511.379935
1869.166495
225.322446
-852.804706
231.220255
1867.104037
1501.769511
-744.656966
-2137.404770
-1010.645497
984.202034
1151.844929
-590.347313
-1693.575154
-576.611601
1164.309072
993.658399
-988.508857
-2102.800471
-728.692330
1476.231564
1825.625463
220.082389
-832.804696
225.980209
1823.563016
1466.621143
-727.296285
-2087.404763
-987.104476
960.809366
1124.484235
-576.566241
-1653.575145
-562.830517
1136.948392
970.265737
-964.967835
-2052.800461
-711.331646
1441.083194
1782.084432
214.842332
-812.804686
220.740162
1780.021995
1431.472775
-709.935605
-2037.404755
-963.563454
937.416698
1097.123542
-562.785170
-1613.575136
-549.049434
1109.587711
946.873075
-941.426812
-2002.800452
-693.970962
1405.934823
1738.543400
209.602275
-792.804676
215.500116
1736.480974
1396.324407
-692.574924
-1987.404748
-940.022433
914.024029
1069.762848
-549.004098
-1573.575127
-535.268350
1082.227031
923.480413
-917.885790
-1952.800442
-676.610278
1370.786453
1695.002369
204.362218
-772.804666
210.260070
1692.939953
1361.176039
-675.214243
-1937.404741
-916.481412
890.631361
1042.402154
-535.223026
-1533.575118
-521.487266
1054.866350
900.087751
-894.344768
-1902.800433
-659.249594
1335.638082
1651.461337
199.122162
-752.804656
205.020023
1649.398932
1326.027670
-657.853563
-1887.404734
-892.940391
867.238693
1015.041460
-521.441955
-1493.575109
-507.706183
1027.505669
876.695089
-870.803745
-1852.800423
-641.888910
1300.489712
1607.920306
193.882105
-732.804646
199.779977
1605.857911
1290.879302
-640.492882
-1837.404727
-869.399369
843.846025
987.680766
-507.660883
-1453.575101
-493.925099
1000.144989
853.302427
-847.262723
-1802.800414
-624.528226
1265.341341
1564.379274
188.642048
-712.804636
194.539930
1562.316890
1255.730934
-623.132202
-1787.404719
-845.858348
820.453357
960.320072
-493.879811
-1413.575092
-480.144016
972.784308
829.909766
-823.721700
-1752.800404
-607.167542
1230.192970
1520.838243
183.401991
-692.804626
189.299884
1518.775869
1220.582566
-605.771521
-1737.404712
-822.317327
797.060689
932.959378
-480.098739
-1373.575083
-466.362932
945.423628
806.517104
-800.180678
-1702.800395
-589.806858
1195.044600
1477.297211
178.161934
-672.804616
184.059837
1475.234848
1185.434198
-588.410841
-1687.404705
-798.776305
773.668021
905.598685
-466.317668
-1333.575074
-452.581848
918.062947
783.124442
-776.639656
-1652.800385
-572.446174
1159.896229
1433.756180
172.921877
-652.804606
178.819791
1431.693827
1150.285829
-571.050160
-1637.404698
-775.235284
750.275353
878.237991
-452.536596
-1293.575065
-438.800765
890.702266
759.731780
-753.098633
-1602.800375
-555.085491
1124.747859
1390.215148
167.681820
-632.804597
173.579744
1388.152806
1115.137461
-553.689479
-1587.404691
-751.694263
726.882685
850.877297
-438.755524
-1253.575056
-425.019681
863.341586
736.339118
-729.557611
-1552.800366
-537.724807
1089.599488
1346.674117
162.441763
-612.804587
168.339698
1344.611785
1079.989093
-536.328799
-1537.404684
-728.153242
703.490017
823.516603
-424.974453
-1213.575047
-411.238598
835.980905
712.946456
-706.016589
-1502.800356
-520.364123
1054.451117
1303.133085
157.201706
-592.804577
163.099651
1301.070764
1044.840725
-518.968118
-1487.404676
-704.612220
680.097349
796.155909
-411.193381
-1173.575038
-397.457514
808.620225
689.553794
-682.475566
-1452.800347
-503.003439
1019.302747
1259.592054
151.961650
-572.804567
157.859605
1257.529743
1009.692357
-501.607438
-1437.404669
-681.071199
656.704681
768.795215
-397.412309
-1133.575030
-383.676430
781.259544
666.161133
-658.934544
-1402.800337
-485.642755
984.154376
1216.051022
146.721593
-552.804557
152.619559
1213.988722
974.543988
-484.246757
-1387.404662
-657.530178
633.312013
741.434521
-383.631237
-1093.575021
-369.895347
753.898864
642.768471
-635.393521
-1352.800328
-468.282071
949.006006
1172.509990
141.481536
-532.804547
147.379512
1170.447701
939.395620
-466.886077
-1337.404655
-633.989156
609.919345
714.073827
-369.850166
-1053.575012
-356.114263
726.538183
619.375809
-611.852499
-1302.800318
-450.921387
913.857635
1128.968959
136.241479
-512.804537
142.139466
1126.906680
904.247252
-449.525396
-1287.404648
-610.448135
586.526677
686.713134
-356.069094
-1013.575003
-342.333180
699.177502
595.983147
-588.311477
-1252.800309
-433.560703
878.709265
1085.427927
131.001422
-492.804527
136.899419
1083.365659
869.098884
-432.164715
-1237.404640
-586.907114
563.134009
659.352440
-342.288022
-973.574994
-328.552096
671.816822
572.590485
-564.770454
-1202.800299
-416.200019
843.560894
1041.886896
125.761365
-472.804517
131.659373
1039.824638
833.950516
-414.804035
-1187.404633
-563.366093
539.741341
631.991746
-328.506951
-933.574985
-314.771012
644.456141
549.197823
-541.229432
-1152.800290
-398.839335
808.412523
998.345864
120.521308
-452.804507
126.419326
996.283617
798.802147
-397.443354
-1137.404626
-539.825071
516.348673
604.631052
-314.725879
-893.574976
-300.989929
617.095461
525.805161
-517.688410
-1102.800280
-381.478651
773.264153
954.804833
115.281251
-432.804497
121.179280
952.742596
763.653779
-380.082674
-1087.404619
-516.284050
492.956004
577.270358
-300.944807
-853.574967
-287.208845
589.734780
502.412499
-494.147387
-1052.800271
-364.117967
738.115782
911.263801
110.041195
-412.804487
115.939233
909.201575
728.505411
-362.721993
-1037.404612
-492.743029
469.563336
549.909664
-287.163735
-813.574959
-273.427762
562.374099
479.019838
-470.606365
-1002.800261
-346.757283
702.967412
867.722770
104.801138
-392.804477
110.699187
865.660554
693.357043
-345.361313
-987.404604
-469.202007
446.170668
522.548970
-273.382664
-773.574950
-259.646678
535.013419
455.627176
-447.065343
-952.800251
-329.396599
667.819041
824.181738
99.561081
-372.804467
105.459141
822.119533
658.208675
-328.000632
-937.404597
-445.660986
422.778000
495.188277
-259.601592
-733.574941
-245.865594
507.652738
432.234514
-423.524320
-902.800242
-312.035915
632.670670
780.640707
94.321024
-352.804458
100.219094
778.578512
623.060306
-310.639952
-887.404590
-422.119965
399.385332
467.827583
-245.820520
-693.574932
-232.084511
480.292058
408.841852
-399.983298
-852.800232
-294.675231
597.522300
737.099675
89.080967
-332.804448
94.979048
735.037491
587.911938
-293.279271
-837.404583
-398.578944
375.992664
440.466889
-232.039449
-653.574923
-218.303427
452.931377
385.449190
-376.442275
-802.800223
-277.314547
562.373929
693.558644
83.840910
-312.804438
89.739001
691.496470
552.763570
-275.918590
-787.404576
-375.037922
352.599996
413.106195
-218.258377
-613.574914
-204.522344
425.570696
362.056528
-352.901253
-752.800213
-259.953863
527.225559
650.017612
78.600853
-292.804428
84.498955
647.955449
517.615202
-258.557910
-737.404569
-351.496901
329.207328
385.745501
-204.477305
-573.574905
-190.741260
398.210016
338.663866
-329.360231
-702.800204
-242.593179
492.077188
606.476581
73.360796
-272.804418
79.258908
604.414428
482.466834
-241.197229
-687.404561
-327.955880
305.814660
358.384807
-190.696233
-533.574896
-176.960177
370.849335
315.271204
-305.819208
-652.800194
-225.232495
456.928818
562.935549
68.120739
-252.804408
74.018862
560.873407
447.318465
-223.836549
-637.404554
-304.414858
282.421992
331.024113
-176.915162
-493.574888
-163.179093
343.488655
291.878543
-282.278186
-602.800185
-207.871811
421.780447
519.394518
62.880683
-232.804398
68.778815
517.332386
412.170097
-206.475868
-587.404547
-280.873837
259.029324
303.663419
-163.134090
-453.574879
-149.398009
316.127974
268.485881
-258.737164
-552.800175
-190.511127
386.632076
475.853486
57.640626
-212.804388
63.538769
473.791365
377.021729
-189.115188
-537.404540
-257.332816
235.636656
276.302726
-149.353018
-413.574870
-135.616926
288.767294
245.093219
-235.196141
-502.800166
-173.150443
351.483706
432.312455
52.400569
-192.804378
58.298722
430.250344
341.873361
-171.754507
-487.404533
-233.791795
212.243988
248.942032
-135.571947
-373.574861
-121.835842
261.406613
221.700557
-211.655119
-452.800156
-155.789759
316.335335
388.771423
47.160512
-172.804368
53.058676
386.709323
306.724993
-154.393826
-437.404525
-210.250773
188.851320
221.581338
-121.790875
-333.574852
-108.054759
234.045932
198.307895
-188.114097
-402.800147
-138.429075
281.186965
345.230392
41.920455
-152.804358
47.818630
343.168302
271.576624
-137.033146
-387.404518
-186.709752
165.458652
194.220644
-108.009803
-293.574843
-94.273675
206.685252
174.915233
-164.573074
-352.800137
-121.068392
246.038594
301.689360
36.680398
-132.804348
42.578583
299.627281
236.428256
-119.672465
-337.404511
-163.168731
142.065984
166.859950
-94.228731
-253.574834
-80.492591
179.324571
151.522571
-141.032052
-302.800127
-103.707708
210.890223
258.148329
31.440341
-112.804338
37.338537
256.086260
201.279888
-102.311785
-287.404504
-139.627709
118.673316
139.499256
-80.447660
-213.574826
-66.711508
151.963891
128.129910
-117.491029
-252.800118
-86.347024
175.741853
214.607297
26.200284
-92.804329
32.098490
212.545239
166.131520
-84.951104
-237.404497
-116.086688
95.280647
112.138562
-66.666588
-173.574817
-52.930424
124.603210
104.737248
-93.950007
-202.800108
-68.986340
140.593482
171.066266
20.960228
-72.804319
26.858444
169.004218
130.983152
-67.590424
-187.404489
-92.545667
71.887979
84.777869
-52.885516
-133.574808
-39.149341
97.242529
81.344586
-70.408985
-152.800099
-51.625656
105.445112
127.525234
15.720171
-52.804309
21.618397
125.463197
95.834783
-50.229743
-137.404482
-69.004646
48.495311
57.417175
-39.104445
-93.574799
-25.368257
69.881849
57.951924
-46.867962
-102.800089
-34.264972
70.296741
83.984203
10.480114
-32.804299
16.378351
81.922176
60.686415
-32.869062
-87.404475
-45.463624
25.102643
30.056481
-25.323373
-53.574790
-11.587173
42.521168
34.559262
-23.326940
-52.800080
-16.904288
35.148371
40.443171
5.240057
-12.804289
11.138304
38.381155
25.538047
-15.508382
-37.404468
-21.922603
1.709975
2.695787
-11.542301
-13.574781
2.193910
15.160488
11.166600
0.214082
-2.800070
0.456396
