-0.675571
0.032049
7.878983
14.872414
7.665925
-9.304407
-14.612705
-0.406689
11.832930
0.169366
-22.028879
-20.037954
11.031518
31.662739
9.348509
-31.788454
-38.361306
-1.379401
27.532187
7.360683
-30.248576
-21.148298
37.840400
74.872422
37.627342
-30.484755
-44.185710
6.953993
41.832939
1.349709
-63.357588
-57.398640
21.971806
71.662748
20.288796
-69.149141
-79.690015
-0.199058
57.532196
14.721366
-59.821580
-42.328646
67.801816
134.872430
67.588758
-51.665102
-73.758714
14.314676
71.832949
2.530053
-104.686296
-94.759327
32.912093
111.662757
31.229084
-106.509828
-121.018724
0.981285
87.532206
22.082048
-89.394585
-63.508994
97.763233
194.872437
97.550175
-72.845450
-103.331719
21.675359
101.832958
3.710396
-146.015005
-132.120014
43.852380
151.662766
42.169371
-143.870515
-162.347433
2.161629
117.532215
29.442731
-118.967589
-84.689341
127.724650
254.872445
127.511592
-94.025798
-132.904724
29.036042
131.832968
4.890739
-187.343714
-169.480700
54.792668
191.662775
53.109658
-181.231201
-203.676142
3.341972
147.532224
36.803414
-148.540594
-105.869689
157.686067
314.872453
157.473008
-115.206145
-162.477728
36.396724
161.832977
6.071082
-228.672423
-206.841387
65.732955
231.662784
64.049946
-218.591888
-245.004851
4.522315
177.532234
44.164097
-178.113598
-127.050037
187.647483
374.872461
187.434425
-136.386493
-192.050733
43.757407
191.832986
7.251426
-270.001132
-244.202074
76.673243
271.662793
74.990233
-255.952575
-286.333560
5.702658
207.532243
51.524779
-207.686603
-148.230384
217.608900
434.872469
217.395842
-157.566841
-221.623737
51.118090
221.832996
8.431769
-311.329841
-281.562761
87.613530
311.662802
85.930521
-293.313261
-327.662269
6.883001
237.532253
58.885462
-237.259607
-169.410732
247.570317
494.872477
247.357259
-178.747188
-251.196742
58.478773
251.833005
9.612112
-352.658550
-318.923447
98.553817
351.662811
96.870808
-330.673948
-368.990978
8.063345
267.532262
66.246145
-266.832612
-190.591080
277.531733
554.872484
277.318675
-199.927536
-280.769746
65.839455
281.833015
10.792455
-393.987259
-356.284134
109.494105
391.662819
107.811095
-368.034635
-410.319687
9.243688
297.532271
73.606828
-296.405616
-211.771427
307.493150
614.872492
307.280092
-221.107884
-310.342751
73.200138
311.833024
11.972798
-435.315968
-393.644821
120.434392
431.662828
118.751383
-405.395321
-451.648396
10.424031
327.532281
80.967511
-325.978621
-232.951775
337.454567
674.872500
337.241509
-242.288231
-339.915755
80.560821
341.833033
13.153142
-476.644677
-431.005507
131.374680
471.662837
129.691670
-442.756008
-492.977105
11.604374
357.532290
88.328193
-355.551625
-254.132123
367.415983
734.872508
367.202925
-263.468579
-369.488760
87.921504
371.833043
14.333485
-517.973386
-468.366194
142.314967
511.662846
140.631958
-480.116695
-534.305814
12.784718
387.532300
95.688876
-385.124630
-275.312470
397.377400
794.872516
397.164342
-284.648927
-399.061764
95.282187
401.833052
15.513828
-559.302095
-505.726881
153.255254
551.662855
151.572245
-517.477381
-575.634523
13.965061
417.532309
103.049559
-414.697634
-296.492818
427.338817
854.872524
427.125759
-305.829274
-428.634769
102.642869
431.833062
16.694171
-600.630804
-543.087567
164.195542
591.662864
162.512532
-554.838068
-616.963231
15.145404
447.532318
110.410242
-444.270639
-317.673166
457.300234
914.872531
457.087176
-327.009622
-458.207773
110.003552
461.833071
17.874514
-641.959513
-580.448254
175.135829
631.662873
173.452820
-592.198755
-658.291940
16.325747
477.532328
117.770924
-473.843643
-338.853513
487.261650
974.872539
487.048592
-348.189969
-487.780778
117.364235
491.833080
19.054858
-683.288222
-617.808941
186.076116
671.662882
184.393107
-629.559442
-699.620649
17.506090
507.532337
125.131607
-503.416648
-360.033861
517.223067
1034.872547
517.010009
-369.370317
-517.353782
124.724918
521.833090
20.235201
-724.616931
-655.169627
197.016404
711.662891
195.333394
-666.920128
-740.949358
18.686434
537.532347
132.492290
-532.989653
-381.214209
547.184484
1094.872555
546.971426
-390.550665
-546.926787
132.085600
551.833099
21.415544
-765.945640
-692.530314
207.956691
751.662899
206.273682
-704.280815
-782.278067
19.866777
567.532356
139.852973
-562.562657
-402.394556
577.145900
1154.872563
576.932842
-411.731012
-576.499791
139.446283
581.833109
22.595887
-807.274349
-729.891001
218.896979
791.662908
217.213969
-741.641502
-823.606776
21.047120
597.532365
147.213656
-592.135662
-423.574904
607.107317
1214.872571
606.894259
-432.911360
-606.072796
146.806966
611.833118
23.776231
-848.603058
-767.251688
229.837266
831.662917
228.154257
-779.002188
-864.935485
22.227463
627.532375
154.574338
-621.708666
-444.755252
637.068734
1274.872579
636.855676
-454.091708
-635.645801
154.167649
641.833127
24.956574
-889.931767
-804.612374
240.777553
871.662926
239.094544
-816.362875
-906.264194
23.407806
657.532384
161.935021
-651.281671
-465.935599
667.030151
1334.872586
666.817092
-475.272055
-665.218805
161.528332
671.833137
26.136917
-931.260476
-841.973061
251.717841
911.662935
250.034831
-853.723562
-947.592903
24.588150
687.532394
169.295704
-680.854675
-487.115947
696.991567
1394.872594
696.778509
-496.452403
-694.791810
168.889014
701.833146
27.317260
-972.589185
-879.333748
262.658128
951.662944
260.975119
-891.084248
-988.921612
25.768493
717.532403
176.656387
-710.427680
-508.296295
726.952984
1454.872602
726.739926
-517.632751
-724.364814
176.249697
731.833155
28.497603
-1013.917894
-916.694434
273.598416
991.662953
271.915406
-928.444935
-1030.250321
26.948836
747.532412
184.017069
-740.000684
-529.476642
756.914401
1514.872610
756.701343
-538.813098
-753.937819
183.610380
761.833165
29.677947
-1055.246602
-954.055121
284.538703
1031.662962
282.855694
-965.805622
-1071.579030
28.129179
777.532422
191.377752
-769.573689
-550.656990
786.875817
1574.872618
786.662759
-559.993446
-783.510823
190.971063
791.833174
30.858290
-1096.575311
-991.415808
295.478990
1071.662971
293.795981
-1003.166309
-1112.907739
29.309523
807.532431
198.738435
-799.146693
-571.837338
816.837234
1634.872626
816.624176
-581.173794
-813.083828
198.331745
821.833184
32.038633
-1137.904020
-1028.776494
306.419278
1111.662979
304.736268
-1040.526995
-1154.236448
30.489866
837.532441
206.099118
-828.719698
-593.017685
846.798651
1694.872633
846.585593
-602.354141
-842.656832
205.692428
851.833193
33.218976
-1179.232729
-1066.137181
317.359565
1151.662988
315.676556
-1077.887682
-1195.565157
31.670209
867.532450
213.459800
-858.292702
-614.198033
876.760067
1754.872641
876.547009
-623.534489
-872.229837
213.053111
881.833202
34.399319
-1220.561438
-1103.497868
328.299852
1191.662997
326.616843
-1115.248369
-1236.893866
32.850552
897.532459
220.820483
-887.865707
-635.378380
906.721484
1814.872649
906.508426
-644.714837
-901.802841
220.413794
911.833212
35.579663
-1261.890147
-1140.858554
339.240140
1231.663006
337.557130
-1152.609055
-1278.222575
34.030895
927.532469
228.181166
-917.438711
-656.558728
936.682901
1874.872657
936.469843
-665.895184
-931.375846
227.774477
941.833221
36.760006
-1303.218856
-1178.219241
350.180427
1271.663015
348.497418
-1189.969742
-1319.551284
35.211239
957.532478
235.541849
-947.011716
-677.739076
966.644318
1934.872665
966.431260
-687.075532
-960.948850
235.135159
971.833231
37.940349
-1344.547565
-1215.579928
361.120715
1311.663024
359.437705
-1227.330429
-1360.879993
36.391582
987.532488
242.902532
-976.584721
-698.919423
996.605734
1994.872673
996.392676
-708.255880
-990.521855
242.495842
1001.833240
39.120692
-1385.876274
-1252.940615
372.061002
1351.663033
370.377993
-1264.691115
-1402.208702
37.571925
1017.532497
250.263214
-1006.157725
-720.099771
1026.567151
2054.872680
1026.354093
-729.436227
-1020.094859
249.856525
1031.833249
40.301036
-1427.204983
-1290.301301
383.001289
1391.663042
381.318280
-1302.051802
-1443.537411
38.752268
1047.532506
257.623897
-1035.730730
-741.280119
1056.528568
2114.872688
1056.315510
-750.616575
-1049.667864
257.217208
1061.833259
41.481379
-1468.533692
-1327.661988
393.941577
1431.663051
392.258567
-1339.412489
-1484.866120
39.932611
1077.532516
264.984580
-1065.303734
-762.460466
1086.489984
2174.872696
1086.276926
-771.796923
-1079.240869
264.577890
1091.833268
42.661722
-1509.862401
-1365.022675
404.881864
1471.663059
403.198855
-1376.773175
-1526.194829
41.112955
1107.532525
272.345263
-1094.876739
-783.640814
1116.451401
2234.872704
1116.238343
-792.977270
-1108.813873
271.938573
1121.833278
43.842065
-1551.191110
-1402.383361
415.822151
1511.663068
414.139142
-1414.133862
-1567.523538
42.293298
1137.532535
279.705945
-1124.449743
-804.821162
1146.412818
2294.872712
1146.199760
-814.157618
-1138.386878
279.299256
1151.833287
45.022408
-1592.519819
-1439.744048
426.762439
1551.663077
425.079430
-1451.494549
-1608.852246
43.473641
1167.532544
287.066628
-1154.022748
-826.001509
1176.374235
2354.872720
1176.161177
-835.337966
-1167.959882
286.659939
1181.833296
46.202752
-1633.848528
-1477.104735
437.702726
1591.663086
436.019717
-1488.855236
-1650.180955
44.653984
1197.532553
294.427311
-1183.595752
-847.181857
1206.335651
2414.872727
1206.122593
-856.518313
-1197.532887
294.020622
1211.833306
47.383095
-1675.177237
-1514.465421
448.643014
1631.663095
446.960004
-1526.215922
-1691.509664
45.834327
1227.532563
301.787994
-1213.168757
-868.362205
1236.297068
2474.872735
1236.084010
-877.698661
-1227.105891
301.381304
1241.833315
48.563438
-1716.505946
-1551.826108
459.583301
1671.663104
457.900292
-1563.576609
-1732.838373
47.014671
1257.532572
309.148677
-1242.741761
-889.542552
1266.258485
2534.872743
1266.045427
-898.879009
-1256.678896
308.741987
1271.833325
49.743781
-1757.834655
-1589.186795
470.523588
1711.663113
468.840579
-1600.937296
-1774.167082
48.195014
1287.532582
316.509359
-1272.314766
-910.722900
1296.219901
2594.872751
1296.006843
-920.059356
-1286.251900
316.102670
1301.833334
50.924124
-1799.163364
-1626.547481
481.463876
1751.663122
479.780866
-1638.297982
-1815.495791
49.375357
1317.532591
323.870042
-1301.887770
-931.903248
1326.181318
2654.872759
1325.968260
-941.239704
-1315.824905
323.463353
1331.833343
52.104468
-1840.492073
-1663.908168
492.404163
1791.663131
490.721154
-1675.658669
-1856.824500
50.555700
1347.532600
331.230725
-1331.460775
-953.083595
1356.142735
2714.872767
1355.929677
-962.420052
-1345.397909
330.824035
1361.833353
53.284811
-1881.820782
-1701.268855
503.344451
1831.663140
501.661441
-1713.019356
-1898.153209
51.736044
1377.532610
338.591408
-1361.033779
-974.263943
1386.104151
2774.872774
1385.891093
-983.600399
-1374.970914
338.184718
1391.833362
54.465154
-1923.149491
-1738.629542
514.284738
1871.663148
512.601729
-1750.380042
-1939.481918
52.916387
1407.532619
345.952090
-1390.606784
-995.444291
1416.065568
2834.872782
1415.852510
-1004.780747
-1404.543918
345.545401
1421.833372
55.645497
-1964.478200
-1775.990228
525.225025
1911.663157
523.542016
-1787.740729
-1980.810627
54.096730
1437.532629
353.312773
-1420.179788
-1016.624638
1446.026985
2894.872790
1445.813927
-1025.961095
-1434.116923
352.906084
1451.833381
56.825841
-2005.806909
-1813.350915
536.165313
1951.663166
534.482303
-1825.101416
-2022.139336
55.277073
1467.532638
360.673456
-1449.752793
-1037.804986
1475.988402
2954.872798
1475.775344
-1047.141442
-1463.689927
360.266767
1481.833390
58.006184
-2047.135617
-1850.711602
547.105600
1991.663175
545.422591
-1862.462102
-2063.468045
56.457416
1497.532647
368.034139
-1479.325798
-1058.985334
1505.949818
3014.872806
1505.736760
-1068.321790
-1493.262932
367.627449
1511.833400
59.186527
-2088.464326
-1888.072288
558.045887
2031.663184
556.362878
-1899.822789
-2104.796754
57.637760
1527.532657
375.394822
-1508.898802
-1080.165681
1535.911235
3074.872814
1535.911235
-1080.165681
-1508.898802
375.394822
1527.532657
57.637760
-2104.796754
-1899.822789
556.362878
2031.663184
558.045887
-1888.072288
-2088.464326
59.186527
1511.833400
367.627449
-1493.262932
-1068.321790
1505.736760
3014.872806
1505.949818
-1058.985334
-1479.325798
368.034139
1497.532647
56.457416
-2063.468045
-1862.462102
545.422591
1991.663175
547.105600
-1850.711602
-2047.135617
58.006184
1481.833390
360.266767
-1463.689927
-1047.141442
1475.775344
2954.872798
1475.988402
-1037.804986
-1449.752793
360.673456
1467.532638
55.277073
-2022.139336
-1825.101416
534.482303
1951.663166
536.165313
-1813.350915
-2005.806909
56.825841
1451.833381
352.906084
-1434.116923
-1025.961095
1445.813927
2894.872790
1446.026985
-1016.624638
-1420.179788
353.312773
1437.532629
54.096730
-1980.810627
-1787.740729
523.542016
1911.663157
525.225025
-1775.990228
-1964.478200
55.645497
1421.833372
345.545401
-1404.543918
-1004.780747
1415.852510
2834.872782
1416.065568
-995.444291
-1390.606784
345.952090
1407.532619
52.916387
-1939.481918
-1750.380042
512.601729
1871.663148
514.284738
-1738.629542
-1923.149491
54.465154
1391.833362
338.184718
-1374.970914
-983.600399
1385.891093
2774.872774
1386.104151
-974.263943
-1361.033779
338.591408
1377.532610
51.736044
-1898.153209
-1713.019356
501.661441
1831.663140
503.344451
-1701.268855
-1881.820782
53.284811
1361.833353
330.824035
-1345.397909
-962.420052
1355.929677
2714.872767
1356.142735
-953.083595
-1331.460775
331.230725
1347.532600
50.555700
-1856.824500
-1675.658669
490.721154
1791.663131
492.404163
-1663.908168
-1840.492073
52.104468
1331.833343
323.463353
-1315.824905
-941.239704
1325.968260
2654.872759
1326.181318
-931.903248
-1301.887770
323.870042
1317.532591
49.375357
-1815.495791
-1638.297982
479.780866
1751.663122
481.463876
-1626.547481
-1799.163364
50.924124
1301.833334
316.102670
-1286.251900
-920.059356
1296.006843
2594.872751
1296.219901
-910.722900
-1272.314766
316.509359
1287.532582
48.195014
-1774.167082
-1600.937296
468.840579
1711.663113
470.523588
-1589.186795
-1757.834655
49.743781
1271.833325
308.741987
-1256.678896
-898.879009
1266.045427
2534.872743
1266.258485
-889.542552
-1242.741761
309.148677
1257.532572
47.014671
-1732.838373
-1563.576609
457.900292
1671.663104
459.583301
-1551.826108
-1716.505946
48.563438
1241.833315
301.381304
-1227.105891
-877.698661
1236.084010
2474.872735
1236.297068
-868.362205
-1213.168757
301.787994
1227.532563
45.834327
-1691.509664
-1526.215922
446.960004
1631.663095
448.643014
-1514.465421
-1675.177237
47.383095
1211.833306
294.020622
-1197.532887
-856.518313
1206.122593
2414.872727
1206.335651
-847.181857
-1183.595752
294.427311
1197.532553
44.653984
-1650.180955
-1488.855236
436.019717
1591.663086
437.702726
-1477.104735
-1633.848528
46.202752
1181.833296
286.659939
-1167.959882
-835.337966
1176.161177
2354.872720
1176.374235
-826.001509
-1154.022748
287.066628
1167.532544
43.473641
-1608.852246
-1451.494549
425.079430
1551.663077
426.762439
-1439.744048
-1592.519819
45.022408
1151.833287
279.299256
-1138.386878
-814.157618
1146.199760
2294.872712
1146.412818
-804.821162
-1124.449743
279.705945
1137.532535
42.293298
-1567.523538
-1414.133862
414.139142
1511.663068
415.822151
-1402.383361
-1551.191110
43.842065
1121.833278
271.938573
-1108.813873
-792.977270
1116.238343
2234.872704
1116.451401
-783.640814
-1094.876739
272.345263
1107.532525
41.112955
-1526.194829
-1376.773175
403.198855
1471.663059
404.881864
-1365.022675
-1509.862401
42.661722
1091.833268
264.577890
-1079.240869
-771.796923
1086.276926
2174.872696
1086.489984
-762.460466
-1065.303734
264.984580
1077.532516
39.932611
-1484.866120
-1339.412489
392.258567
1431.663051
393.941577
-1327.661988
-1468.533692
41.481379
1061.833259
257.217208
-1049.667864
-750.616575
1056.315510
2114.872688
1056.528568
-741.280119
-1035.730730
257.623897
1047.532506
38.752268
-1443.537411
-1302.051802
381.318280
1391.663042
383.001289
-1290.301301
-1427.204983
40.301036
1031.833249
249.856525
-1020.094859
-729.436227
1026.354093
2054.872680
1026.567151
-720.099771
-1006.157725
250.263214
1017.532497
37.571925
-1402.208702
-1264.691115
370.377993
1351.663033
372.061002
-1252.940615
-1385.876274
39.120692
1001.833240
242.495842
-990.521855
-708.255880
996.392676
1994.872673
996.605734
-698.919423
-976.584721
242.902532
987.532488
36.391582
-1360.879993
-1227.330429
359.437705
1311.663024
361.120715
-1215.579928
-1344.547565
37.940349
971.833231
235.135159
-960.948850
-687.075532
966.431260
1934.872665
966.644318
-677.739076
-947.011716
235.541849
957.532478
35.211239
-1319.551284
-1189.969742
348.497418
1271.663015
350.180427
-1178.219241
-1303.218856
36.760006
941.833221
227.774477
-931.375846
-665.895184
936.469843
1874.872657
936.682901
-656.558728
-917.438711
228.181166
927.532469
34.030895
-1278.222575
-1152.609055
337.557130
1231.663006
339.240140
-1140.858554
-1261.890147
35.579663
911.833212
220.413794
-901.802841
-644.714837
906.508426
1814.872649
906.721484
-635.378380
-887.865707
220.820483
897.532459
32.850552
-1236.893866
-1115.248369
326.616843
1191.662997
328.299852
-1103.497868
-1220.561438
34.399319
881.833202
213.053111
-872.229837
-623.534489
876.547009
1754.872641
876.760067
-614.198033
-858.292702
213.459800
867.532450
31.670209
-1195.565157
-1077.887682
315.676556
1151.662988
317.359565
-1066.137181
-1179.232729
33.218976
851.833193
205.692428
-842.656832
-602.354141
846.585593
1694.872633
846.798651
-593.017685
-828.719698
206.099118
837.532441
30.489866
-1154.236448
-1040.526995
304.736268
1111.662979
306.419278
-1028.776494
-1137.904020
32.038633
821.833184
198.331745
-813.083828
-581.173794
816.624176
1634.872626
816.837234
-571.837338
-799.146693
198.738435
807.532431
29.309523
-1112.907739
-1003.166309
293.795981
1071.662971
295.478990
-991.415808
-1096.575311
30.858290
791.833174
190.971063
-783.510823
-559.993446
786.662759
1574.872618
786.875817
-550.656990
-769.573689
191.377752
777.532422
28.129179
-1071.579030
-965.805622
282.855694
1031.662962
284.538703
-954.055121
-1055.246602
29.677947
761.833165
183.610380
-753.937819
-538.813098
756.701343
1514.872610
756.914401
-529.476642
-740.000684
184.017069
747.532412
26.948836
-1030.250321
-928.444935
271.915406
991.662953
273.598416
-916.694434
-1013.917894
28.497603
731.833155
176.249697
-724.364814
-517.632751
726.739926
1454.872602
726.952984
-508.296295
-710.427680
176.656387
717.532403
25.768493
-988.921612
-891.084248
260.975119
951.662944
262.658128
-879.333748
-972.589185
27.317260
701.833146
168.889014
-694.791810
-496.452403
696.778509
1394.872594
696.991567
-487.115947
-680.854675
169.295704
687.532394
24.588150
-947.592903
-853.723562
250.034831
911.662935
251.717841
-841.973061
-931.260476
26.136917
671.833137
161.528332
-665.218805
-475.272055
666.817092
1334.872586
667.030151
-465.935599
-651.281671
161.935021
657.532384
23.407806
-906.264194
-816.362875
239.094544
871.662926
240.777553
-804.612374
-889.931767
24.956574
641.833127
154.167649
-635.645801
-454.091708
636.855676
1274.872579
637.068734
-444.755252
-621.708666
154.574338
627.532375
22.227463
-864.935485
-779.002188
228.154257
831.662917
229.837266
-767.251688
-848.603058
23.776231
611.833118
146.806966
-606.072796
-432.911360
606.894259
1214.872571
607.107317
-423.574904
-592.135662
147.213656
597.532365
21.047120
-823.606776
-741.641502
217.213969
791.662908
218.896979
-729.891001
-807.274349
22.595887
581.833109
139.446283
-576.499791
-411.731012
576.932842
1154.872563
577.145900
-402.394556
-562.562657
139.852973
567.532356
19.866777
-782.278067
-704.280815
206.273682
751.662899
207.956691
-692.530314
-765.945640
21.415544
551.833099
132.085600
-546.926787
-390.550665
546.971426
1094.872555
547.184484
-381.214209
-532.989653
132.492290
537.532347
18.686434
-740.949358
-666.920128
195.333394
711.662891
197.016404
-655.169627
-724.616931
20.235201
521.833090
124.724918
-517.353782
-369.370317
517.010009
1034.872547
517.223067
-360.033861
-503.416648
125.131607
507.532337
17.506090
-699.620649
-629.559442
184.393107
671.662882
186.076116
-617.808941
-683.288222
19.054858
491.833080
117.364235
-487.780778
-348.189969
487.048592
974.872539
487.261650
-338.853513
-473.843643
117.770924
477.532328
16.325747
-658.291940
-592.198755
173.452820
631.662873
175.135829
-580.448254
-641.959513
17.874514
461.833071
110.003552
-458.207773
-327.009622
457.087176
914.872531
457.300234
-317.673166
-444.270639
110.410242
447.532318
15.145404
-616.963231
-554.838068
162.512532
591.662864
164.195542
-543.087567
-600.630804
16.694171
431.833062
102.642869
-428.634769
-305.829274
427.125759
854.872524
427.338817
-296.492818
-414.697634
103.049559
417.532309
13.965061
-575.634523
-517.477381
151.572245
551.662855
153.255254
-505.726881
-559.302095
15.513828
401.833052
95.282187
-399.061764
-284.648927
397.164342
794.872516
397.377400
-275.312470
-385.124630
95.688876
387.532300
12.784718
-534.305814
-480.116695
140.631958
511.662846
142.314967
-468.366194
-517.973386
14.333485
371.833043
87.921504
-369.488760
-263.468579
367.202925
734.872508
367.415983
-254.132123
-355.551625
88.328193
357.532290
11.604374
-492.977105
-442.756008
129.691670
471.662837
131.374680
-431.005507
-476.644677
13.153142
341.833033
80.560821
-339.915755
-242.288231
337.241509
674.872500
337.454567
-232.951775
-325.978621
80.967511
327.532281
10.424031
-451.648396
-405.395321
118.751383
431.662828
120.434392
-393.644821
-435.315968
11.972798
311.833024
73.200138
-310.342751
-221.107884
307.280092
614.872492
307.493150
-211.771427
-296.405616
73.606828
297.532271
9.243688
-410.319687
-368.034635
107.811095
391.662819
109.494105
-356.284134
-393.987259
10.792455
281.833015
65.839455
-280.769746
-199.927536
277.318675
554.872484
277.531733
-190.591080
-266.832612
66.246145
267.532262
8.063345
-368.990978
-330.673948
96.870808
351.662811
98.553817
-318.923447
-352.658550
9.612112
251.833005
58.478773
-251.196742
-178.747188
247.357259
494.872477
247.570317
-169.410732
-237.259607
58.885462
237.532253
6.883001
-327.662269
-293.313261
85.930521
311.662802
87.613530
-281.562761
-311.329841
8.431769
221.832996
51.118090
-221.623737
-157.566841
217.395842
434.872469
217.608900
-148.230384
-207.686603
51.524779
207.532243
5.702658
-286.333560
-255.952575
74.990233
271.662793
76.673243
-244.202074
-270.001132
7.251426
191.832986
43.757407
-192.050733
-136.386493
187.434425
374.872461
187.647483
-127.050037
-178.113598
44.164097
177.532234
4.522315
-245.004851
-218.591888
64.049946
231.662784
65.732955
-206.841387
-228.672423
6.071082
161.832977
36.396724
-162.477728
-115.206145
157.473008
314.872453
157.686067
-105.869689
-148.540594
36.803414
147.532224
3.341972
-203.676142
-181.231201
53.109658
191.662775
54.792668
-169.480700
-187.343714
4.890739
131.832968
29.036042
-132.904724
-94.025798
127.511592
254.872445
127.724650
-84.689341
-118.967589
29.442731
117.532215
2.161629
-162.347433
-143.870515
42.169371
151.662766
43.852380
-132.120014
-146.015005
3.710396
101.832958
21.675359
-103.331719
-72.845450
97.550175
194.872437
97.763233
-63.508994
-89.394585
22.082048
87.532206
0.981285
-121.018724
-106.509828
31.229084
111.662757
32.912093
-94.759327
-104.686296
2.530053
71.832949
14.314676
-73.758714
-51.665102
67.588758
134.872430
67.801816
-42.328646
-59.821580
14.721366
57.532196
-0.199058
-79.690015
-69.149141
20.288796
71.662748
21.971806
-57.398640
-63.357588
1.349709
41.832939
6.953993
-44.185710
-30.484755
37.627342
74.872422
37.840400
-21.148298
-30.248576
7.360683
27.532187
-1.379401
-38.361306
-31.788454
9.348509
31.662739
11.031518
-20.037954
-22.028879
0.169366
11.832930
-0.406689
-14.612705
-9.304407
7.665925
14.872414
7.878983
0.032049
-0.675571
