5.417000
5.417903
5.420770
5.425562
5.432299
5.441008
5.451727
5.464503
5.479390
5.496455
5.515775
5.537438
5.561548
5.588221
5.617591
5.649809
5.685047
5.723500
5.765390
5.810968
5.860521
5.914376
5.972907
6.036543
6.105778
6.181184
6.263425
6.353276
6.451646
6.559613
6.678454
6.809703
6.955214
7.117248
7.298593
7.502724
7.734031
7.998140
8.302379
8.656480
9.073644
9.572249
10.178656
10.932084
11.893527
13.163325
14.918987
17.507060
21.707245
29.716842
51.057383
285.680446
-66.220107
-27.103356
-15.915347
-10.606238
-7.501011
-5.459102
-4.010827
-2.927328
-2.083734
-1.406104
-0.847843
-0.378108
0.024344
0.374648
0.683893
0.960414
1.210615
1.439521
1.651153
1.848792
2.035168
2.212599
2.383095
2.548444
2.710274
2.870109
3.029418
3.189663
3.352339
3.519025
3.691438
3.871498
4.061401
4.263731
4.481584
4.718762
4.980026
5.271470
5.601072
5.979526
6.421565
6.948117
7.589999
8.394611
9.438904
10.856744
12.903604
16.135407
22.034481
36.318165
121.876513
-77.667042
-27.747507
-16.207491
-11.064428
-8.146641
-6.262192
-4.941506
-3.962133
-3.205073
-2.600895
-2.106356
-1.693115
-1.341818
-1.038796
-0.774116
-0.540386
-0.331988
-0.144576
0.025269
0.180272
0.322634
0.454154
0.576318
0.690364
0.797334
0.898111
0.993451
1.084005
1.170335
1.252936
1.332240
1.408630
1.482447
1.553997
1.623556
1.691373
1.757677
1.822677
1.886569
1.949533
2.011739
2.073348
2.134513
2.195380
2.256093
2.316788
2.377603
2.438671
2.500127
2.562106
2.624747
2.688157
2.752541
2.818003
2.884705
2.952808
3.022481
3.093901
3.167260
3.242760
3.320619
3.401072
3.484375
3.570805
3.660666
3.754291
3.852048
3.954342
4.061626
4.174404
4.293240
4.418769
4.551711
4.692881
4.843209
5.003764
5.175775
5.360670
5.560113
5.776059
6.010821
6.267151
6.548358
6.858452
7.202344
7.586109
8.017360
8.505766
9.063797
9.707815
10.459728
11.349558
12.419576
13.731265
15.377635
17.506407
20.367173
24.417516
30.596681
41.185685
63.534466
141.742626
-562.082243
-92.857842
-50.196955
-34.196383
-25.813114
-20.652604
-17.155498
-14.628747
-12.717374
-11.220739
-10.016884
-9.027406
-8.199606
-7.496757
-6.892474
-6.367318
-5.906645
-5.499221
-5.136278
-4.810875
-4.517445
-4.251471
-4.009250
-3.787717
-3.584314
-3.396887
-3.223614
-3.062937
-2.913522
-2.774215
-2.644018
-2.522057
-2.407568
-2.299881
-2.198402
-2.102604
-2.012020
-1.926231
-1.844865
-1.767584
-1.694086
-1.624098
-1.557373
-1.493686
-1.432832
-1.374625
-1.318895
-1.265487
-1.214256
-1.165073
-1.117816
-1.072373
-1.028642
-0.986527
-0.945939
-0.906798
-0.869027
-0.832554
-0.797315
-0.763248
-0.730294
-0.698401
-0.667518
-0.637598
-0.608596
-0.580472
-0.553186
-0.526701
-0.500983
-0.476000
-0.451719
-0.428114
-0.405155
-0.382817
-0.361076
-0.339908
-0.319291
-0.299204
-0.279628
-0.260543
-0.241931
-0.223776
-0.206061
-0.188771
-0.171891
-0.155407
-0.139305
-0.123573
-0.108198
-0.093169
-0.078475
-0.064105
-0.050048
-0.036295
-0.022837
-0.009664
0.003232
0.015859
0.028226
0.040339
0.052207
0.063836
0.075227
0.086409
0.097361
0.108101
0.118633
0.128964
0.139099
0.149043
0.158801
0.168377
0.177777
0.187005
0.196065
0.204961
0.213698
0.222280
0.230709
0.238991
0.247128
0.255123
0.262981
0.270705
0.278296
0.285759
0.293097
0.300311
0.307406
0.314383
0.321245
0.327995
0.334635
0.341168
0.347595
0.353919
0.360142
0.366266
0.372294
0.378226
0.384066
0.389814
0.395474
0.401045
0.406531
0.411933
0.417252
0.422490
0.427648
0.432728
0.437731
0.442658
0.447507
0.452249
0.457058
0.461677
0.466245
0.470750
0.475189
0.479564
0.483875
0.488124
0.492311
0.496438
0.500505
0.504513
0.508464
0.512358
0.516197
0.519980
0.523709
0.527385
0.531009
0.534581
0.538103
0.541575
0.544997
0.548371
0.551697
0.554977
0.558210
0.561397
0.564539
0.567637
0.570692
0.573703
0.576672
0.579599
0.582485
0.585330
0.588134
0.590900
0.593626
0.596313
0.598963
0.601575
0.604150
0.606688
0.609190
0.611657
0.614088
0.616485
0.618847
0.621176
0.623470
0.625732
0.627961
0.630157
0.632322
0.634455
0.636557
0.638628
0.640669
0.642679
0.644659
0.646610
0.648532
0.650425
0.652289
0.654125
0.655933
0.657713
0.659466
0.661192
0.662890
0.664563
0.666209
0.667828
0.669422
0.670991
0.672534
0.674051
0.675544
0.677013
0.678456
0.679876
0.681272
0.682643
0.683991
0.685316
0.686617
0.687896
0.689151
0.690384
0.691594
0.692782
0.693948
0.695092
0.696213
0.697313
0.698392
0.699449
0.700484
0.701498
0.702490
0.703455
0.704482
0.705365
0.706272
0.707162
0.708032
0.708882
0.709713
0.710524
0.711316
0.712088
0.712840
0.713573
0.714287
0.714981
0.715656
0.716313
0.716950
0.717569
0.718168
0.718749
0.719311
0.719855
0.720381
0.720887
0.721376
0.721846
0.722298
0.722732
0.723147
0.723545
0.723924
0.724286
0.724630
0.724955
0.725263
0.725553
0.725826
0.726080
0.726317
0.726537
0.726738
0.726922
0.727089
0.727237
0.727369
0.727482
0.727579
0.727657
0.727719
0.727762
0.727788
0.727746
0.727788
0.727762
0.727719
0.727657
0.727579
0.727482
0.727369
0.727237
0.727089
0.726922
0.726738
0.726537
0.726317
0.726080
0.725826
0.725553
0.725263
0.724955
0.724630
0.724286
0.723924
0.723545
0.723147
0.722732
0.722298
0.721846
0.721376
0.720887
0.720381
0.719855
0.719311
0.718749
0.718168
0.717569
0.716950
0.716313
0.715656
0.714981
0.714287
0.713573
0.712840
0.712088
0.711316
0.710524
0.709713
0.708882
0.708032
0.707162
0.706272
0.705365
0.704482
0.703455
0.702490
0.701498
0.700484
0.699449
0.698392
0.697313
0.696213
0.695092
0.693948
0.692782
0.691594
0.690384
0.689151
0.687896
0.686617
0.685316
0.683991
0.682643
0.681272
0.679876
0.678456
0.677013
0.675544
0.674051
0.672534
0.670991
0.669422
0.667828
0.666209
0.664563
0.662890
0.661192
0.659466
0.657713
0.655933
0.654125
0.652289
0.650425
0.648532
0.646610
0.644659
0.642679
0.640669
0.638628
0.636557
0.634455
0.632322
0.630157
0.627961
0.625732
0.623470
0.621176
0.618847
0.616485
0.614088
0.611657
0.609190
0.606688
0.604150
0.601575
0.598963
0.596313
0.593626
0.590900
0.588134
0.585330
0.582485
0.579599
0.576672
0.573703
0.570692
0.567637
0.564539
0.561397
0.558210
0.554977
0.551697
0.548371
0.544997
0.541575
0.538103
0.534581
0.531009
0.527385
0.523709
0.519980
0.516197
0.512358
0.508464
0.504513
0.500505
0.496438
0.492311
0.488124
0.483875
0.479564
0.475189
0.470750
0.466245
0.461677
0.457058
0.452249
0.447507
0.442658
0.437731
0.432728
0.427648
0.422490
0.417252
0.411933
0.406531
0.401045
0.395474
0.389814
0.384066
0.378226
0.372294
0.366266
0.360142
0.353919
0.347595
0.341168
0.334635
0.327995
0.321245
0.314383
0.307406
0.300311
0.293097
0.285759
0.278296
0.270705
0.262981
0.255123
0.247128
0.238991
0.230709
0.222280
0.213698
0.204961
0.196065
0.187005
0.177777
0.168377
0.158801
0.149043
0.139099
0.128964
0.118633
0.108101
0.097361
0.086409
0.075227
0.063836
0.052207
0.040339
0.028226
0.015859
0.003232
-0.009664
-0.022837
-0.036295
-0.050048
-0.064105
-0.078475
-0.093169
-0.108198
-0.123573
-0.139305
-0.155407
-0.171891
-0.188771
-0.206061
-0.223776
-0.241931
-0.260543
-0.279628
-0.299204
-0.319291
-0.339908
-0.361076
-0.382817
-0.405155
-0.428114
-0.451719
-0.476000
-0.500983
-0.526701
-0.553186
-0.580472
-0.608596
-0.637598
-0.667518
-0.698401
-0.730294
-0.763248
-0.797315
-0.832554
-0.869027
-0.906798
-0.945939
-0.986527
-1.028642
-1.072373
-1.117816
-1.165073
-1.214256
-1.265487
-1.318895
-1.374625
-1.432832
-1.493686
-1.557373
-1.624098
-1.694086
-1.767584
-1.844865
-1.926231
-2.012020
-2.102604
-2.198402
-2.299881
-2.407568
-2.522057
-2.644018
-2.774215
-2.913522
-3.062937
-3.223614
-3.396887
-3.584314
-3.787717
-4.009250
-4.251471
-4.517445
-4.810875
-5.136278
-5.499221
-5.906645
-6.367318
-6.892474
-7.496757
-8.199606
-9.027406
-10.016884
-11.220739
-12.717374
-14.628747
-17.155498
-20.652604
-25.813114
-34.196383
-50.196955
-92.857842
-562.082243
141.742626
63.534466
41.185685
30.596681
24.417516
20.367173
17.506407
15.377635
13.731265
12.419576
11.349558
10.459728
9.707815
9.063797
8.505766
8.017360
7.586109
7.202344
6.858452
6.548358
6.267151
6.010821
5.776059
5.560113
5.360670
5.175775
5.003764
4.843209
4.692881
4.551711
4.418769
4.293240
4.174404
4.061626
3.954342
3.852048
3.754291
3.660666
3.570805
3.484375
3.401072
3.320619
3.242760
3.167260
3.093901
3.022481
2.952808
2.884705
2.818003
2.752541
2.688157
2.624747
2.562106
2.500127
2.438671
2.377603
2.316788
2.256093
2.195380
2.134513
2.073348
2.011739
1.949533
1.886569
1.822677
1.757677
1.691373
1.623556
1.553997
1.482447
1.408630
1.332240
1.252936
1.170335
1.084005
0.993451
0.898111
0.797334
0.690364
0.576318
0.454154
0.322634
0.180272
0.025269
-0.144576
-0.331988
-0.540386
-0.774116
-1.038796
-1.341818
-1.693115
-2.106356
-2.600895
-3.205073
-3.962133
-4.941506
-6.262192
-8.146641
-11.064428
-16.207491
-27.747507
-77.667042
121.876513
36.318165
22.034481
16.135407
12.903604
10.856744
9.438904
8.394611
7.589999
6.948117
6.421565
5.979526
5.601072
5.271470
4.980026
4.718762
4.481584
4.263731
4.061401
3.871498
3.691438
3.519025
3.352339
3.189663
3.029418
2.870109
2.710274
2.548444
2.383095
2.212599
2.035168
1.848792
1.651153
1.439521
1.210615
0.960414
0.683893
0.374648
0.024344
-0.378108
-0.847843
-1.406104
-2.083734
-2.927328
-4.010827
-5.459102
-7.501011
-10.606238
-15.915347
-27.103356
-66.220107
285.680446
51.057383
29.716842
21.707245
17.507060
14.918987
13.163325
11.893527
10.932084
10.178656
9.572249
9.073644
8.656480
8.302379
7.998140
7.734031
7.502724
7.298593
7.117248
6.955214
6.809703
6.678454
6.559613
6.451646
6.353276
6.263425
6.181184
6.105778
6.036543
5.972907
5.914376
5.860521
5.810968
5.765390
5.723500
5.685047
5.649809
5.617591
5.588221
5.561548
5.537438
5.515775
5.496455
5.479390
5.464503
5.451727
5.441008
5.432299
5.425562
5.420770
5.417903
