0.000000
-0.022130
-0.044378
-0.066865
-0.089710
-0.113040
-0.136982
-0.161671
-0.187247
-0.213860
-0.241667
-0.270839
-0.301558
-0.334023
-0.368450
-0.405075
-0.444160
-0.485994
-0.530898
-0.579233
-0.631403
-0.687864
-0.749133
-0.815801
-0.888545
-0.968145
-1.055503
-1.151675
-1.257895
-1.375624
-1.506600
-1.652905
-1.817061
-2.002145
-2.211956
-2.451236
-2.725980
-3.043879
-3.414966
-3.852572
-4.374803
-5.006881
-5.785012
-6.763090
-8.024978
-9.708682
-12.058414
-15.551041
-21.259605
-32.208294
-61.502228
-384.351020
100.084347
46.334244
31.028710
23.818957
19.646997
16.943240
15.061507
13.687117
12.648542
11.844388
11.210938
10.706199
10.301435
9.976377
9.716381
9.510671
9.351203
9.231927
9.148281
9.096845
9.075105
9.081280
9.114210
9.173280
9.258371
9.369842
9.508528
9.675769
9.873448
10.104074
10.370883
10.677986
11.030578
11.435215
11.900204
12.436151
13.056738
13.779850
14.629253
15.637163
16.848285
18.326452
20.165989
22.512305
25.601792
29.846054
36.030993
45.867232
63.916603
107.774996
370.997974
-243.229799
-89.685473
-54.258361
-38.516371
-29.620573
-23.902728
-19.917794
-16.981290
-14.727113
-12.941710
-11.492121
-10.291241
-9.279620
-8.415296
-7.667805
-7.014495
-6.438174
-5.925556
-5.466211
-5.051837
-4.675742
-4.332472
-4.017534
-3.727196
-3.458328
-3.208288
-2.974825
-2.756013
-2.550189
-2.355911
-2.171921
-1.997117
-1.830523
-1.671276
-1.518607
-1.371826
-1.230312
-1.093504
-0.960891
-0.832003
-0.706413
-0.583721
-0.463559
-0.345579
-0.229456
-0.114881
-0.001558
0.110795
0.222455
0.333690
0.444775
0.555865
0.667416
0.779559
0.892581
1.006757
1.122364
1.239691
1.359040
1.480726
1.605084
1.732470
1.863265
1.997878
2.136753
2.280372
2.429265
2.584010
2.745251
2.913698
3.090147
3.275489
3.470727
3.676999
3.895599
4.128010
4.375936
4.641355
4.926567
5.234273
5.567665
5.930542
6.327466
6.763964
7.246803
7.784353
8.387099
9.068355
9.845290
10.740432
11.783941
13.017142
14.498221
16.311809
18.585927
21.523899
25.469264
31.051834
39.564374
54.146437
84.914346
192.565998
-776.158472
-130.319355
-71.594583
-49.564662
-38.019136
-30.909432
-26.089280
-22.604777
-19.967337
-17.900801
-16.237305
-14.868935
-13.723157
-12.749416
-11.911397
-11.182339
-10.542090
-9.975182
-9.469546
-9.015628
-8.605764
-8.233735
-7.894444
-7.583671
-7.297892
-7.034145
-6.789917
-6.563065
-6.351751
-6.154386
-5.969594
-5.796173
-5.633071
-5.479362
-5.334229
-5.196947
-5.066871
-4.943425
-4.826094
-4.714414
-4.607968
-4.506379
-4.409306
-4.316440
-4.227498
-4.142224
-4.060381
-3.981757
-3.906153
-3.833387
-3.763294
-3.695769
-3.630518
-3.567562
-3.506728
-3.447902
-3.390981
-3.335865
-3.282463
-3.230691
-3.180468
-3.131721
-3.084380
-3.038380
-2.993659
-2.950160
-2.907828
-2.866614
-2.826468
-2.787346
-2.749205
-2.712006
-2.675709
-2.640278
-2.605681
-2.571883
-2.538855
-2.506568
-2.474994
-2.444107
-2.413881
-2.384293
-2.355321
-2.326943
-2.299138
-2.271887
-2.245171
-2.218972
-2.193273
-2.168058
-2.143312
-2.119019
-2.095165
-2.071736
-2.048719
-2.026102
-2.003873
-1.982020
-1.960531
-1.939396
-1.918604
-1.898143
-1.877952
-1.858226
-1.838707
-1.819494
-1.800572
-1.781932
-1.763568
-1.745471
-1.727635
-1.710052
-1.692716
-1.675620
-1.658759
-1.642127
-1.625717
-1.609525
-1.593544
-1.577771
-1.562199
-1.546824
-1.531641
-1.516646
-1.501834
-1.487201
-1.472743
-1.458456
-1.444336
-1.430378
-1.416581
-1.402939
-1.389449
-1.376109
-1.362915
-1.349863
-1.336951
-1.324175
-1.311533
-1.299022
-1.286639
-1.274382
-1.262247
-1.250233
-1.238337
-1.226556
-1.214888
-1.203331
-1.191883
-1.180541
-1.169303
-1.158169
-1.147136
-1.136213
-1.125339
-1.114601
-1.103949
-1.093388
-1.082915
-1.072529
-1.062229
-1.052014
-1.041881
-1.031829
-1.021856
-1.011962
-1.002144
-0.992402
-0.982734
-0.973138
-0.963614
-0.954159
-0.944774
-0.935455
-0.926204
-0.917017
-0.907894
-0.898834
-0.889836
-0.880898
-0.872020
-0.863200
-0.854438
-0.845733
-0.837083
-0.828487
-0.819946
-0.811456
-0.803019
-0.794633
-0.786296
-0.778009
-0.769770
-0.761579
-0.753434
-0.745336
-0.737282
-0.729273
-0.721307
-0.713384
-0.705504
-0.697664
-0.689865
-0.682106
-0.674381
-0.666722
-0.659071
-0.651465
-0.643896
-0.636364
-0.628867
-0.621405
-0.613978
-0.606584
-0.599224
-0.591896
-0.584600
-0.577336
-0.570103
-0.562900
-0.555727
-0.548584
-0.541469
-0.534382
-0.527324
-0.520293
-0.513288
-0.506310
-0.499359
-0.492432
-0.485531
-0.478654
-0.471801
-0.464972
-0.458166
-0.451383
-0.444623
-0.437884
-0.431167
-0.424471
-0.417796
-0.411142
-0.404507
-0.397892
-0.391296
-0.384719
-0.378160
-0.371620
-0.365097
-0.358592
-0.352103
-0.345632
-0.339176
-0.332737
-0.326314
-0.319910
-0.313474
-0.307123
-0.300760
-0.294410
-0.288073
-0.281748
-0.275437
-0.269138
-0.262852
-0.256577
-0.250314
-0.244063
-0.237822
-0.231593
-0.225373
-0.219164
-0.212965
-0.206775
-0.200595
-0.194423
-0.188260
-0.182106
-0.175960
-0.169821
-0.163690
-0.157566
-0.151450
-0.145340
-0.139236
-0.133138
-0.127047
-0.120961
-0.114880
-0.108804
-0.102734
-0.096667
-0.090605
-0.084547
-0.078492
-0.072441
-0.066393
-0.060348
-0.054306
-0.048266
-0.042228
-0.036192
-0.030158
-0.024125
-0.018093
-0.012061
-0.006031
0.000000
0.006031
0.012061
0.018093
0.024125
0.030158
0.036192
0.042228
0.048266
0.054306
0.060348
0.066393
0.072441
0.078492
0.084547
0.090605
0.096667
0.102734
0.108804
0.114880
0.120961
0.127047
0.133138
0.139236
0.145340
0.151450
0.157566
0.163690
0.169821
0.175960
0.182106
0.188260
0.194423
0.200595
0.206775
0.212965
0.219164
0.225373
0.231593
0.237822
0.244063
0.250314
0.256577
0.262852
0.269138
0.275437
0.281748
0.288073
0.294410
0.300760
0.307123
0.313474
0.319910
0.326314
0.332737
0.339176
0.345632
0.352103
0.358592
0.365097
0.371620
0.378160
0.384719
0.391296
0.397892
0.404507
0.411142
0.417796
0.424471
0.431167
0.437884
0.444623
0.451383
0.458166
0.464972
0.471801
0.478654
0.485531
0.492432
0.499359
0.506310
0.513288
0.520293
0.527324
0.534382
0.541469
0.548584
0.555727
0.562900
0.570103
0.577336
0.584600
0.591896
0.599224
0.606584
0.613978
0.621405
0.628867
0.636364
0.643896
0.651465
0.659071
0.666722
0.674381
0.682106
0.689865
0.697664
0.705504
0.713384
0.721307
0.729273
0.737282
0.745336
0.753434
0.761579
0.769770
0.778009
0.786296
0.794633
0.803019
0.811456
0.819946
0.828487
0.837083
0.845733
0.854438
0.863200
0.872020
0.880898
0.889836
0.898834
0.907894
0.917017
0.926204
0.935455
0.944774
0.954159
0.963614
0.973138
0.982734
0.992402
1.002144
1.011962
1.021856
1.031829
1.041881
1.052014
1.062229
1.072529
1.082915
1.093388
1.103949
1.114601
1.125339
1.136213
1.147136
1.158169
1.169303
1.180541
1.191883
1.203331
1.214888
1.226556
1.238337
1.250233
1.262247
1.274382
1.286639
1.299022
1.311533
1.324175
1.336951
1.349863
1.362915
1.376109
1.389449
1.402939
1.416581
1.430378
1.444336
1.458456
1.472743
1.487201
1.501834
1.516646
1.531641
1.546824
1.562199
1.577771
1.593544
1.609525
1.625717
1.642127
1.658759
1.675620
1.692716
1.710052
1.727635
1.745471
1.763568
1.781932
1.800572
1.819494
1.838707
1.858226
1.877952
1.898143
1.918604
1.939396
1.960531
1.982020
2.003873
2.026102
2.048719
2.071736
2.095165
2.119019
2.143312
2.168058
2.193273
2.218972
2.245171
2.271887
2.299138
2.326943
2.355321
2.384293
2.413881
2.444107
2.474994
2.506568
2.538855
2.571883
2.605681
2.640278
2.675709
2.712006
2.749205
2.787346
2.826468
2.866614
2.907828
2.950160
2.993659
3.038380
3.084380
3.131721
3.180468
3.230691
3.282463
3.335865
3.390981
3.447902
3.506728
3.567562
3.630518
3.695769
3.763294
3.833387
3.906153
3.981757
4.060381
4.142224
4.227498
4.316440
4.409306
4.506379
4.607968
4.714414
4.826094
4.943425
5.066871
5.196947
5.334229
5.479362
5.633071
5.796173
5.969594
6.154386
6.351751
6.563065
6.789917
7.034145
7.297892
7.583671
7.894444
8.233735
8.605764
9.015628
9.469546
9.975182
10.542090
11.182339
11.911397
12.749416
13.723157
14.868935
16.237305
17.900801
19.967337
22.604777
26.089280
30.909432
38.019136
49.564662
71.594583
130.319355
776.158472
-192.565998
-84.914346
-54.146437
-39.564374
-31.051834
-25.469264
-21.523899
-18.585927
-16.311809
-14.498221
-13.017142
-11.783941
-10.740432
-9.845290
-9.068355
-8.387099
-7.784353
-7.246803
-6.763964
-6.327466
-5.930542
-5.567665
-5.234273
-4.926567
-4.641355
-4.375936
-4.128010
-3.895599
-3.676999
-3.470727
-3.275489
-3.090147
-2.913698
-2.745251
-2.584010
-2.429265
-2.280372
-2.136753
-1.997878
-1.863265
-1.732470
-1.605084
-1.480726
-1.359040
-1.239691
-1.122364
-1.006757
-0.892581
-0.779559
-0.667416
-0.555865
-0.444775
-0.333690
-0.222455
-0.110795
0.001558
0.114881
0.229456
0.345579
0.463559
0.583721
0.706413
0.832003
0.960891
1.093504
1.230312
1.371826
1.518607
1.671276
1.830523
1.997117
2.171921
2.355911
2.550189
2.756013
2.974825
3.208288
3.458328
3.727196
4.017534
4.332472
4.675742
5.051837
5.466211
5.925556
6.438174
7.014495
7.667805
8.415296
9.279620
10.291241
11.492121
12.941710
14.727113
16.981290
19.917794
23.902728
29.620573
38.516371
54.258361
89.685473
243.229799
-370.997974
-107.774996
-63.916603
-45.867232
-36.030993
-29.846054
-25.601792
-22.512305
-20.165989
-18.326452
-16.848285
-15.637163
-14.629253
-13.779850
-13.056738
-12.436151
-11.900204
-11.435215
-11.030578
-10.677986
-10.370883
-10.104074
-9.873448
-9.675769
-9.508528
-9.369842
-9.258371
-9.173280
-9.114210
-9.081280
-9.075105
-9.096845
-9.148281
-9.231927
-9.351203
-9.510671
-9.716381
-9.976377
-10.301435
-10.706199
-11.210938
-11.844388
-12.648542
-13.687117
-15.061507
-16.943240
-19.646997
-23.818957
-31.028710
-46.334244
-100.084347
384.351020
61.502228
32.208294
21.259605
15.551041
12.058414
9.708682
8.024978
6.763090
5.785012
5.006881
4.374803
3.852572
3.414966
3.043879
2.725980
2.451236
2.211956
2.002145
1.817061
1.652905
1.506600
1.375624
1.257895
1.151675
1.055503
0.968145
0.888545
0.815801
0.749133
0.687864
0.631403
0.579233
0.530898
0.485994
0.444160
0.405075
0.368450
0.334023
0.301558
0.270839
0.241667
0.213860
0.187247
0.161671
0.136982
0.113040
0.089710
0.066865
0.044378
0.022130
