1.000000
6.040294
13.266035
11.166599
-3.306066
-13.431435
-2.750357
18.076538
21.133760
0.930876
-13.351147
2.073109
26.667086
19.045065
-22.559294
-49.434345
-25.494774
19.314373
25.394775
-13.781071
-39.000008
-7.740788
40.626717
34.559265
-26.847092
-63.431446
-20.111040
53.224911
64.674797
6.170933
-33.351158
7.313156
70.208115
54.193436
-39.919971
-99.434349
-49.035801
42.707039
52.755474
-27.562143
-79.000015
-21.521870
67.987396
57.951939
-50.388119
-113.431458
-37.471722
88.373276
108.215820
11.410992
-53.351166
12.553204
113.749146
89.341812
-57.280647
-149.434357
-72.576828
66.099693
80.116150
-41.343216
-119.000015
-35.302952
95.348083
81.344612
-73.929131
-163.431503
-54.832401
123.521637
151.756866
16.651052
-73.351173
17.793251
157.290131
124.490173
-74.641327
-199.434387
-96.117851
89.492332
107.476814
-55.124290
-159.000031
-49.084030
122.708771
104.737282
-97.470146
-213.431534
-72.193085
158.670029
195.297897
21.891111
-93.351189
23.033298
200.831146
159.638550
-92.001984
-249.434418
-119.658875
112.884972
134.837479
-68.905365
-199.000031
-62.865108
150.069458
128.129944
-121.011162
-263.431519
-89.553772
193.818436
238.838928
27.131174
-113.351204
28.273346
244.372162
194.786926
-109.362640
-299.434479
-143.199890
136.277634
162.198181
-82.686432
-239.000031
-76.646194
177.430130
151.522583
-144.552170
-313.431519
-106.914459
228.966843
282.379913
32.371231
-133.351212
33.513390
287.913177
229.935303
-126.723297
-349.434540
-166.740906
159.670334
189.558884
-96.467499
-279.000092
-90.427277
204.790802
174.915222
-168.093170
-363.431519
-124.275146
264.115234
325.920929
37.611290
-153.351212
38.753441
331.454132
265.083679
-144.083954
-399.434601
-190.281921
183.063034
216.919586
-110.248566
-319.000214
-104.208359
232.151474
198.307861
-191.634171
-413.431519
-141.635834
299.263550
369.461945
42.851341
-173.351212
43.993492
374.995087
300.232056
-161.444611
-449.434662
-213.822937
206.455734
244.280289
-124.029633
-359.000336
-117.989441
259.512146
221.700500
-215.175171
-463.431519
-158.996521
334.411865
413.002960
48.091393
-193.351212
49.233543
418.536041
335.380432
-178.805267
-499.434723
-237.363953
229.848434
271.640930
-137.810730
-399.000458
-131.770538
286.872864
245.093140
-238.716171
-513.431519
-176.357208
369.560181
456.543976
53.331444
-213.351212
54.473595
462.076996
370.528809
-196.165924
-549.434692
-260.904968
253.241135
299.001526
-151.591827
-439.000580
-145.551636
314.233582
268.485809
-262.257141
-563.431519
-193.717896
404.708496
500.084991
58.571495
-233.351212
59.713646
505.617950
405.677185
-213.526581
-599.434692
-284.445984
276.633759
326.362122
-165.372925
-479.000702
-159.332733
341.594299
291.878448
-285.798157
-613.431519
-211.078583
439.856812
543.626099
63.811539
-253.351212
64.953697
549.159180
440.825562
-230.887238
-649.434692
-307.987000
300.026398
353.722717
-179.154022
-519.000732
-173.113831
368.955017
315.271088
-309.339172
-663.431519
-228.439270
475.005127
587.167175
69.051575
-273.351196
70.193764
592.700378
475.973938
-248.247894
-699.434692
-331.528015
323.419037
381.083313
-192.935120
-559.000610
-186.894928
396.315735
338.663727
-332.880188
-713.431519
-245.799957
510.153442
630.708252
74.291611
-293.351196
75.433830
636.241577
511.122345
-265.608551
-749.434692
-355.069031
346.811676
408.443909
-206.716217
-599.000488
-200.676025
423.676453
362.056366
-356.421204
-763.431519
-263.160614
545.301880
674.249329
79.531647
-313.351196
80.673897
679.782776
546.270874
-282.969299
-799.434692
-378.610046
370.204315
435.804504
-220.497314
-639.000366
-214.457123
451.037170
385.449005
-379.962219
-813.431519
-280.521301
580.450317
717.790405
84.771683
-333.351196
85.913963
723.323975
581.419434
-300.330048
-849.434692
-402.151062
393.596954
463.165100
-234.278412
-679.000244
-228.238220
478.397888
408.841644
-403.503235
-863.431519
-297.881989
615.598755
761.331482
90.011719
-353.351196
91.154030
766.865173
616.567993
-317.690796
-899.434692
-425.692078
416.989594
490.525696
-248.059509
-719.000122
-242.019318
505.758606
432.234283
-427.044250
-913.431519
-315.242676
650.747192
804.872559
95.251755
-373.351196
96.394096
810.406372
651.716553
-335.051544
-949.434692
-449.233093
440.382233
517.886292
-261.840576
-759.000000
-255.800415
533.119263
455.626923
-450.585266
-963.431519
-332.603363
685.895630
848.413635
100.491791
-393.351196
101.634163
853.947571
686.865112
-352.412292
-999.434692
-472.774109
463.774872
545.247070
-275.621643
-798.999878
-269.581543
560.479797
479.019562
-474.126282
-1013.431519
-349.964050
721.044067
891.954712
105.731827
-413.351196
106.874229
897.488770
722.013672
-369.773041
-1049.434448
-496.315125
487.167511
572.607849
-289.402710
-838.999756
-283.362671
587.840332
502.412201
-497.667297
-1063.431396
-367.324738
756.192505
935.495789
110.971863
-433.351196
112.114296
941.029968
757.162231
-387.133789
-1099.433960
-519.856140
510.560150
599.968628
-303.183777
-878.999634
-297.143799
615.200867
525.804688
-521.208313
-1113.431152
-384.685425
791.340942
979.036865
116.211899
-453.351196
117.354362
984.571167
792.310791
-404.494537
-1149.433472
-543.397217
533.952820
627.329407
-316.964844
-918.999512
-310.924927
642.561401
549.197388
-544.749329
-1163.430908
-402.046112
826.489380
1022.577942
121.451935
-473.351196
122.594429
1028.112427
827.459351
-421.855286
-1199.432983
-566.938293
557.345398
654.690186
-330.745911
-958.999390
-324.706055
669.921936
572.590088
-568.290344
-1213.430664
-419.406799
861.637817
1066.118652
126.691978
-493.351196
127.834473
1071.653442
862.607910
-439.216034
-1249.432495
-590.479370
580.737976
682.050964
-344.526978
-998.999268
-338.487183
697.282471
595.982788
-591.831360
-1263.430420
-436.767487
896.786255
1109.659424
131.932068
-513.351196
133.074539
1115.194458
897.756470
-456.576782
-1299.432007
-614.020447
604.130554
709.411743
-358.308044
-1038.999146
-352.268311
724.643005
619.375488
-615.372375
-1313.430176
-454.128174
931.934692
1153.200195
137.172150
-533.351196
138.314590
1158.735474
932.905029
-473.937531
-1349.431519
-637.561523
627.523132
736.772522
-372.089111
-1078.999146
-366.049438
752.003540
642.768188
-638.913391
-1363.429932
-471.488861
967.083130
1196.740967
142.412231
-553.351196
143.554642
1202.276489
968.053589
-491.298279
-1399.431030
-661.102600
650.915710
764.133301
-385.870178
-1118.999146
-379.830566
779.364075
666.160889
-662.454407
-1413.429688
-488.849548
1002.231567
1240.281738
147.652313
-573.351196
148.794693
1245.817505
1003.202148
-508.659027
-1449.430542
-684.643677
674.308289
791.494080
-399.651245
-1158.999146
-393.611694
806.724609
689.553589
-685.995422
-1463.429443
-506.210236
1037.380005
1283.822510
152.892395
-593.351196
154.034744
1289.358521
1038.350708
-526.019592
-1499.430054
-708.184753
697.700867
818.854858
-413.432312
-1198.999146
-407.392822
834.085144
712.946289
-709.536438
-1513.429199
-523.570923
1072.528198
1327.363281
158.132477
-613.351196
159.274796
1332.899536
1073.499146
-543.380249
-1549.429565
-731.725830
721.093445
846.215637
-427.213379
-1238.999146
-421.173950
861.445679
736.338989
-733.077454
-1563.428955
-540.931641
1107.676392
1370.904053
163.372559
-633.351196
164.514847
1376.440552
1108.647583
-560.740906
-1599.429077
-755.266907
744.486023
873.576416
-440.994446
-1278.999146
-434.955078
888.806213
759.731689
-756.618469
-1613.428711
-558.292358
1142.824585
1414.444824
168.612640
-653.351196
169.754898
1419.981567
1143.796021
-578.101562
-1649.428589
-778.807983
767.878601
900.937195
-454.775513
-1318.999146
-448.736206
916.166748
783.124390
-780.159485
-1663.428467
-575.653076
1177.972778
1457.985596
173.852722
-673.351196
174.994949
1463.522583
1178.944458
-595.462219
-1699.428101
-802.349060
791.271179
928.297974
-468.556580
-1358.999146
-462.517334
943.527283
806.517090
-803.700500
-1713.428223
-593.013794
1213.120972
1501.526367
179.092804
-693.351196
180.235001
1507.063599
1214.092896
-612.822876
-1749.427612
-825.890137
814.663757
955.658752
-482.337646
-1398.999146
-476.298462
970.887817
829.909790
-827.241516
-1763.427979
-610.374512
1248.269165
1545.067139
184.332886
-713.351196
185.475052
1550.604614
1249.241333
-630.183533
-1799.427124
-849.431213
838.056335
983.019531
-496.118713
-1438.999146
-490.079590
998.248352
853.302490
-850.782532
-1813.427734
-627.735229
1283.417358
1588.607910
189.572968
-733.351196
190.715103
1594.145630
1284.389771
-647.544189
-1849.426636
-872.972290
861.448914
1010.380310
-509.899780
-1478.999146
-503.860718
1025.608887
876.695190
-874.323547
-1863.427490
-645.095947
1318.565552
1632.148682
194.813049
-753.351196
195.955154
1637.686646
1319.538208
-664.904846
-1899.426147
-896.513367
884.841492
1037.740967
-523.680664
-1518.999146
-517.641907
1052.969604
900.087891
-897.864563
-1913.427246
-662.456665
1353.713745
1675.689453
200.053131
-773.351196
201.195206
1681.227661
1354.686646
-682.265503
-1949.425659
-920.054443
908.234070
1065.101685
-537.461548
-1558.999146
-531.423035
1080.330322
923.480591
-921.405579
-1963.427002
-679.817383
1388.861938
1719.230225
205.293213
-793.351196
206.435257
1724.768677
1389.835083
-699.626160
-1999.425171
-943.595520
931.626648
1092.462402
-551.242432
-1598.999146
-545.204163
1107.691040
946.873291
-944.946594
-2013.426758
-697.178101
1424.010132
1762.770996
210.533295
-813.351196
211.675308
1768.309692
1424.983521
-716.986816
-2049.424805
-967.136597
955.019226
1119.823120
-565.023315
-1638.999146
-558.985291
1135.051758
970.265991
-968.487610
-2063.426758
-714.538818
1459.158325
1806.311768
215.773376
-833.351196
216.915359
1811.850708
1460.131958
-734.347473
-2099.424805
-990.677673
978.411804
1147.183838
-578.804199
-1678.999146
-572.766418
1162.412476
993.658691
-992.028625
-2113.426758
-731.899536
1494.306519
1849.852539
221.013458
-853.351196
222.155411
1855.391724
1495.280396
-751.708130
-2149.424805
-1014.218750
1001.804382
1174.544556
-592.585083
-1718.999146
-586.547546
1189.773193
1017.051392
-1015.569641
-2163.426758
-749.260254
1529.454712
1893.393311
226.253540
-873.351196
227.395462
1898.932739
1530.428833
-769.068787
-2199.424805
-1037.759888
1025.196899
1201.905273
-606.365967
-1758.999146
-600.328674
1217.133911
1040.444214
-1039.110840
-2213.426758
-766.620972
1564.602905
1936.934082
231.493622
-893.351196
232.635513
1942.473755
1565.577271
-786.429443
-2249.424805
-1061.300903
1048.589478
1229.265991
-620.146851
-1798.999146
-614.109802
1244.494629
1063.836792
-1062.652100
-2263.426758
-783.981689
1599.751099
1980.474854
236.733704
-913.351196
237.875565
1986.014771
1600.725708
-803.790100
-2299.424805
-1084.841919
1071.982056
1256.626709
-633.927734
-1838.999146
-627.890930
1271.855347
1087.229370
-1086.193359
-2313.426758
-801.342407
1634.899292
2024.015625
241.973785
-933.351196
243.115616
2029.555786
1635.874146
-821.150757
-2349.424805
-1108.382935
1095.374634
1283.987427
-647.708618
-1878.999146
-641.672058
1299.216064
1110.621948
-1109.734619
-2363.426758
-818.703125
1670.047485
2067.556885
247.213867
-953.351196
248.355667
2073.096680
1671.022583
-838.511414
-2399.424805
-1131.923950
1118.767212
1311.348145
-661.489502
-1918.999146
-655.453186
1326.576782
1134.014526
-1133.275879
-2413.426758
-836.063843
1705.195679
2111.098145
252.453979
-973.351196
253.595718
2116.637695
1706.171021
-855.872070
-2449.424805
-1155.464966
1142.159790
1338.708862
-675.270386
-1958.999146
-669.234314
1353.937500
1157.407104
-1156.817139
-2463.426758
-853.424561
1740.343872
2154.639404
257.694031
-993.351196
258.835724
2160.178711
1741.319458
-873.232727
-2499.424805
-1179.005981
1165.552368
1366.069580
-689.051270
-1998.999146
-683.015442
1381.298218
1180.799683
-1180.358398
-2513.426758
-870.785278
1775.492065
2198.180664
262.934082
-1013.351196
264.075653
2203.719727
1776.467896
-890.593384
-2549.424805
-1202.546997
1188.944946
1393.430298
-702.832153
-2038.999146
-696.796570
1408.658936
1204.192261
-1200.379272
-2552.795410
-884.939209
1792.563599
2217.489990
267.243225
-1012.804382
273.140686
2215.433838
1782.960693
-883.542603
-2537.395264
-1198.974976
1171.340576
1370.731445
-700.593567
-2013.573975
-686.861755
1383.192749
1180.799683
-1176.838013
-2502.795410
-867.578491
1757.415405
2173.948730
262.003174
-992.804382
267.900757
2171.892822
1747.812256
-866.181946
-2487.395264
-1175.433960
1147.947998
1343.370728
-686.812683
-1973.573975
-673.080627
1355.832031
1157.407104
-1153.296753
-2452.795410
-850.217773
1722.267212
2130.407471
256.763123
-972.804382
262.660828
2128.351807
1712.663818
-848.821289
-2437.395264
-1151.892944
1124.555420
1316.010010
-673.031799
-1933.573975
-659.299500
1328.471313
1134.014526
-1129.755493
-2402.795410
-832.857056
1687.119019
2086.866211
251.523056
-952.804382
257.420868
2084.810791
1677.515381
-831.460632
-2387.395264
-1128.351929
1101.162842
1288.649292
-659.250916
-1893.573975
-645.518372
1301.110596
1110.621948
-1106.214233
-2352.795410
-815.496338
1651.970825
2043.324951
246.282959
-932.804382
252.180817
2041.269897
1642.366943
-814.099976
-2337.395264
-1104.810913
1077.770264
1261.288574
-645.470032
-1853.573975
-631.737244
1273.749878
1087.229370
-1082.672974
-2302.795410
-798.135620
1616.822632
1999.784180
241.042877
-912.804382
246.940765
1997.728882
1607.218506
-796.739319
-2287.395264
-1081.269897
1054.377686
1233.927856
-631.689148
-1813.573975
-617.956116
1246.389160
1063.836792
-1059.131714
-2252.795410
-780.774902
1581.674438
1956.243408
235.802795
-892.804382
241.700714
1954.187866
1572.070068
-779.378662
-2237.395264
-1057.728882
1030.985107
1206.567139
-617.908264
-1773.573975
-604.174988
1219.028442
1040.444214
-1035.590454
-2202.795410
-763.414185
1546.526245
1912.702637
230.562714
-872.804382
236.460663
1910.646851
1536.921631
-762.018005
-2187.395264
-1034.187866
1007.592468
1179.206421
-604.127380
-1733.573975
-590.393860
1191.667725
1017.051392
-1012.049500
-2152.795410
-746.053467
1511.378052
1869.161865
225.322632
-852.804382
231.220612
1867.105835
1501.773193
-744.657349
-2137.395264
-1010.646606
984.199890
1151.845703
-590.346497
-1693.573975
-576.612732
1164.307007
993.658691
-988.508484
-2102.795410
-728.692749
1476.229858
1825.621094
220.082550
-832.804382
225.980560
1823.564819
1466.624756
-727.296692
-2087.395264
-987.105530
960.807312
1124.484985
-576.565613
-1653.573975
-562.831604
1136.946289
970.265991
-964.967468
-2052.795410
-711.332031
1441.081665
1782.080322
214.842468
-812.804382
220.740509
1780.023804
1431.476318
-709.936035
-2037.395020
-963.564453
937.414734
1097.124268
-562.784729
-1613.573975
-549.050476
1109.585571
946.873291
-941.426453
-2002.795410
-693.971313
1405.933472
1738.539551
209.602386
-792.804382
215.500458
1736.482788
1396.327881
-692.575378
-1987.395508
-940.023376
914.022156
1069.763550
-549.003845
-1573.573975
-535.269348
1082.224854
923.480591
-917.885437
-1952.795654
-676.610596
1370.785278
1694.998779
204.362305
-772.804382
210.260406
1692.941772
1361.179443
-675.214722
-1937.395996
-916.482300
890.629578
1042.402832
-535.222961
-1533.573975
-521.488220
1054.864136
900.087891
-894.344421
-1902.795898
-659.249878
1335.637085
1651.458008
199.122223
-752.804382
205.020355
1649.400757
1326.031006
-657.854065
-1887.396484
-892.941223
867.237000
1015.042053
-521.442078
-1493.573975
-507.707092
1027.503418
876.695190
-870.803406
-1852.796143
-641.889160
1300.488892
1607.917236
193.882141
-732.804382
199.780304
1605.859741
1290.882568
-640.493408
-1837.396973
-869.400146
843.844421
987.681274
-507.661011
-1453.573975
-493.925964
1000.142761
853.302490
-847.262390
-1802.796387
-624.528442
1265.340698
1564.376465
188.642059
-712.804382
194.540253
1562.318726
1255.734131
-623.132751
-1787.397461
-845.859070
820.451843
960.320496
-493.879944
-1413.573975
-480.144836
972.782227
829.909790
-823.721375
-1752.796631
-607.167725
1230.192505
1520.835693
183.401978
-692.804382
189.300201
1518.777710
1220.585693
-605.772095
-1737.397949
-822.317993
797.059265
932.959717
-480.098877
-1373.573975
-466.363708
945.421692
806.517090
-800.180359
-1702.796875
-589.807007
1195.044312
1477.294922
178.161896
-672.804382
184.060150
1475.236694
1185.437256
-588.411438
-1687.398438
-798.776917
773.666687
905.598938
-466.317810
-1333.573975
-452.582581
918.061157
783.124390
-776.639343
-1652.797119
-572.446289
1159.896118
1433.754150
172.921814
-652.804382
178.820099
1431.695679
1150.288818
-571.050781
-1637.398926
-775.235840
750.274109
878.238159
-452.536743
-1293.573975
-438.801453
890.700623
759.731689
-753.098328
-1602.797363
-555.085571
1124.747925
1390.213379
167.681732
-632.804382
173.580048
1388.154663
1115.140381
-553.690125
-1587.399414
-751.694763
726.881531
850.877380
-438.755676
-1253.573975
-425.020325
863.340088
736.338989
-729.557312
-1552.797607
-537.724854
1089.599731
1346.672607
162.441650
-612.804382
168.339996
1344.613647
1079.991943
-536.329468
-1537.399902
-728.153687
703.488953
823.516602
-424.974609
-1213.573975
-411.239197
835.979553
712.946289
-706.016296
-1502.797852
-520.364136
1054.451538
1303.131836
157.201569
-592.804382
163.099945
1301.072632
1044.843506
-518.968811
-1487.400391
-704.612610
680.096375
796.155823
-411.193542
-1173.573975
-397.458069
808.619019
689.553589
-682.475281
-1452.798096
-503.003479
1019.303406
1259.591064
151.961487
-572.804382
157.859894
1257.531616
1009.695129
-501.608124
-1437.400879
-681.071533
656.703796
768.795044
-397.412476
-1133.573975
-383.676941
781.258484
666.160889
-658.934265
-1402.798340
-485.642792
984.154968
1216.050293
146.721405
-552.804382
152.619843
1213.990601
974.546570
-484.247375
-1387.401367
-657.530457
633.311218
741.434265
-383.631409
-1093.573975
-369.895813
753.897949
642.768188
-635.393250
-1352.798584
-468.282104
949.006531
1172.509521
141.481323
-532.804382
147.379791
1170.449585
939.398010
-466.886627
-1337.401855
-633.989380
609.918640
714.073486
-369.850342
-1053.573975
-356.114685
726.537415
619.375488
-611.852234
-1302.798828
-450.921417
913.858093
1128.968750
136.241241
-512.804382
142.139740
1126.908569
904.249451
-449.525879
-1287.402344
-610.448303
586.526062
686.712708
-356.069275
-1013.574036
-342.333557
699.176880
595.982788
-588.311218
-1252.799072
-433.560730
878.709656
1085.427979
131.001160
-492.804352
136.899689
1083.367554
869.100891
-432.165131
-1237.402832
-586.907227
563.133484
659.351929
-342.288208
-973.574158
-328.552429
671.816345
572.590088
-564.770203
-1202.799316
-416.200043
843.561218
1041.887207
125.761101
-472.804352
131.659622
1039.826538
833.952332
-414.804382
-1187.403320
-563.366150
539.740906
631.991150
-328.507141
-933.574280
-314.771301
644.455811
549.197388
-541.229187
-1152.799561
-398.839355
808.412781
998.346313
120.521065
-452.804352
126.419579
996.285217
798.803772
-397.443634
-1137.403809
-539.825073
516.348328
604.630371
-314.726074
-893.574402
-300.990173
617.095276
525.804688
-517.688171
-1102.799805
-381.478668
773.264343
954.805237
115.281029
-432.804352
121.179512
952.744019
763.655212
-380.082886
-1087.404297
-516.283997
492.955811
577.269592
-300.945007
-853.574524
-287.209045
589.734741
502.412201
-494.147156
-1052.800049
-364.117981
738.115906
911.264160
110.040993
-412.804352
115.939445
909.202820
728.506653
-362.722137
-1037.404785
-492.742950
469.563171
549.908813
-287.163940
-813.574646
-273.427917
562.374207
479.019562
-470.606140
-1002.800171
-346.757294
702.967468
867.723083
104.800957
-392.804352
110.699379
865.661621
693.358093
-345.361389
-987.404846
-469.201935
446.170532
522.548035
-273.382874
-773.574768
-259.646790
535.013672
455.626923
-447.065125
-952.800171
-329.396606
667.819031
824.182007
99.560921
-372.804352
105.459312
822.120422
658.209534
-328.000641
-937.404846
-445.660919
422.777893
495.187378
-259.601807
-733.574890
-245.865692
507.653076
432.234283
-423.524109
-902.800171
-312.035919
632.670593
780.640930
94.320885
-352.804352
100.219246
778.579224
623.060974
-310.639893
-887.404846
-422.119904
399.385254
467.826782
-245.820724
-693.575012
-232.084595
480.292358
408.841644
-399.983093
-852.800171
-294.675232
597.522156
737.099854
89.080849
-332.804352
94.979179
735.038025
587.912415
-293.279144
-837.404846
-398.578888
375.992615
440.466187
-232.039627
-653.575134
-218.303497
452.931641
385.449005
-376.442078
-802.800171
-277.314545
562.373718
693.558777
83.840813
-312.804352
89.739113
691.496826
552.763855
-275.918396
-787.404846
-375.037872
352.599976
413.105591
-218.258530
-613.575256
-204.522400
425.570923
362.056366
-352.901062
-752.800171
-259.953857
527.225281
650.017700
78.600777
-292.804352
84.499046
647.955627
517.615295
-258.557648
-737.404846
-351.496857
329.207336
385.744995
-204.477432
-573.575378
-190.741302
398.210205
338.663727
-329.360046
-702.800171
-242.593201
492.076904
606.476624
73.360741
-272.804352
79.258980
604.414429
482.466919
-241.196991
-687.404846
-327.955841
305.814697
358.384399
-190.696335
-533.575500
-176.960205
370.849487
315.271088
-305.819031
-652.800171
-225.232513
456.928589
562.935547
68.120705
-252.804367
74.018913
560.873230
447.318542
-223.836334
-637.404846
-304.414825
282.422058
331.023804
-176.915237
-493.575500
-163.179108
343.488770
291.878448
-282.278015
-602.800171
-207.871826
421.780273
519.394470
62.880665
-232.804367
68.778847
517.332031
412.170166
-206.475677
-587.404846
-280.873810
259.029419
303.663208
-163.134140
-453.575378
-149.398010
316.128052
268.485809
-258.737000
-552.800171
-190.511139
386.631958
475.853424
57.640617
-212.804367
63.538795
473.791046
377.021790
-189.115021
-537.404846
-257.332794
235.636734
276.302612
-149.353043
-413.575256
-135.616913
288.767334
245.093140
-235.196030
-502.800201
-173.150452
351.483643
432.312408
52.400566
-192.804367
58.298740
430.250092
341.873413
-171.754364
-487.404816
-233.791779
212.244034
248.941986
-135.571945
-373.575134
-121.835815
261.406616
221.700500
-211.655029
-452.800201
-155.789764
316.335327
388.771393
47.160515
-172.804367
53.058689
386.709137
306.725037
-154.393707
-437.404755
-210.250763
188.851334
221.581284
-121.790863
-333.575012
-108.054733
234.045929
198.307861
-188.114029
-402.800201
-138.429077
281.187012
345.230377
41.920464
-152.804367
47.818638
343.168182
271.576660
-137.033051
-387.404694
-186.709747
165.458633
194.220581
-108.009796
-293.574890
-94.273651
206.685257
174.915222
-164.573029
-352.800201
-121.068390
246.038712
301.689362
36.680412
-132.804367
42.578587
299.627228
236.428253
-119.672386
-337.404633
-163.168732
142.065933
166.859879
-94.228729
-253.574783
-80.492569
179.324585
151.522583
-141.032028
-302.800201
-103.707703
210.890305
258.148315
31.440353
-112.804352
37.338535
256.086273
201.279877
-102.311729
-287.404572
-139.627716
118.673241
139.499176
-80.447662
-213.574783
-66.711487
151.963913
128.129944
-117.491013
-252.800186
-86.347015
175.741898
214.607300
26.200296
-92.804337
32.098492
212.545258
166.131500
-84.951073
-237.404541
-116.086700
95.280602
112.138519
-66.666595
-173.574783
-52.930408
124.603233
104.737282
-93.949997
-202.800156
-68.986328
140.593491
171.066269
20.960234
-72.804321
26.858446
169.004242
130.983124
-67.590416
-187.404510
-92.545677
71.887962
84.777855
-52.885525
-133.574783
-39.149330
97.242546
81.344612
-70.408981
-152.800125
-51.625645
105.445107
127.525230
15.720175
-52.804310
21.618399
125.463219
95.834763
-50.229740
-137.404480
-69.004654
48.495316
57.417187
-39.104450
-93.574791
-25.368252
69.881851
57.951939
-46.867970
-102.800095
-34.264965
70.296745
83.984200
10.480116
-32.804302
16.378351
81.922188
60.686405
-32.869064
-87.404472
-45.463627
25.102650
30.056482
-25.323374
-53.574791
-11.587173
42.521172
34.559265
-23.326942
-52.800083
-16.904287
35.148373
40.443169
5.240057
-12.804287
11.138304
38.381157
25.538046
-15.508383
-37.404469
-21.922604
1.709976
2.695787
-11.542301
-13.574780
2.193911
15.160487
11.166599
0.214082
-2.800070
0.456396
