-0.675571
0.032049
7.878983
14.872414
7.665926
-9.304407
-14.612705
-0.406690
11.832930
0.169366
-22.028879
-20.037956
11.031520
31.662741
9.348510
-31.788456
-38.361305
-1.379401
27.532188
7.360683
-30.248573
-21.148296
37.840405
74.872421
37.627346
-30.484753
-44.185711
6.953993
41.832939
1.349710
-63.357582
-57.398640
21.971806
71.662750
20.288799
-69.149139
-79.690002
-0.199057
57.532200
14.721366
-59.821587
-42.328644
67.801819
134.872421
67.588760
-51.665100
-73.758728
14.314675
71.832947
2.530053
-104.686287
-94.759323
32.912094
111.662750
31.229086
-106.509819
-121.018707
0.981286
87.532188
22.082050
-89.394592
-63.508991
97.763237
194.872421
97.550179
-72.845444
-103.331734
21.675356
101.832932
3.710396
-146.015015
-132.119995
43.852379
151.662750
42.169365
-143.870499
-162.347427
2.161630
117.532173
29.442734
-118.967598
-84.689346
127.724648
254.872421
127.511597
-94.025795
-132.904739
29.036039
131.832916
4.890738
-187.343735
-169.480667
54.792664
191.662750
53.109650
-181.231171
-203.676147
3.341975
147.532196
36.803417
-148.540634
-105.869705
157.686066
314.872375
157.473022
-115.206154
-162.477768
36.396729
161.832947
6.071082
-228.672455
-206.841339
65.732956
231.662750
64.049934
-218.591843
-245.004868
4.522318
177.532227
44.164104
-178.113663
-127.050064
187.647491
374.872345
187.434448
-136.386536
-192.050797
43.757416
191.832977
7.251425
-270.001129
-244.202011
76.673248
271.662750
74.990227
-255.952515
-286.333588
5.702662
207.532257
51.524792
-207.686691
-148.230408
217.608917
434.872314
217.395874
-157.566879
-221.623825
51.118103
221.833008
8.431768
-311.329834
-281.562744
87.613541
311.662750
85.930519
-293.313232
-327.662292
6.883006
237.532288
58.885479
-237.259720
-169.410751
247.570343
494.872284
247.357300
-178.747223
-251.196854
58.478790
251.833038
9.612112
-352.658539
-318.923462
98.553833
351.662750
96.870811
-330.673950
-368.990997
8.063350
267.532257
66.246170
-266.832733
-190.591095
277.531799
554.872375
277.318756
-199.927567
-280.769867
65.839478
281.833008
10.792455
-393.987244
-356.284180
109.494125
391.662750
107.811104
-368.034668
-410.319702
9.243693
297.532227
73.606857
-296.405762
-211.771439
307.493164
614.872498
307.280121
-221.107910
-310.342896
73.200165
311.832977
11.972798
-435.315948
-393.644897
120.434418
431.662750
118.751396
-405.395386
-451.648407
10.424037
327.532196
80.967545
-325.978790
-232.951782
337.454529
674.872620
337.241486
-242.288254
-339.915924
80.560852
341.832947
13.153142
-476.644653
-431.005615
131.374710
471.662750
129.691681
-442.756104
-492.977112
11.604381
357.532166
88.328232
-355.551819
-254.132126
367.415894
734.872742
367.202850
-263.468536
-369.488953
87.921539
371.832916
14.333486
-517.973389
-468.366333
142.315002
511.662750
140.631973
-480.116821
-534.305847
12.784724
387.532135
95.688919
-385.124847
-275.312531
397.377258
794.872864
397.164215
-284.648926
-399.061981
95.282227
401.832886
15.513829
-559.302063
-505.727051
153.255295
551.662842
151.572266
-517.477539
-575.634521
13.965068
417.532104
103.049606
-414.697876
-296.492920
427.338623
854.872986
427.125580
-305.829315
-428.635010
102.642914
431.832855
16.694174
-600.630737
-543.087769
164.195587
591.662964
162.512558
-554.838257
-616.963196
15.145411
447.532074
110.410294
-444.270905
-317.673309
457.299988
914.873108
457.086945
-327.009705
-458.208038
110.003601
461.832825
17.874517
-641.959412
-580.448486
175.135880
631.663086
173.452850
-592.198975
-658.291870
16.325754
477.532043
117.770981
-473.843933
-338.853699
487.261353
974.873230
487.048309
-348.190094
-487.781067
117.364288
491.832794
19.054861
-683.288086
-617.809204
186.076172
671.663208
184.393143
-629.559692
-699.620544
17.506094
507.532013
125.131668
-503.416962
-360.034088
517.222717
1034.873291
517.009644
-369.370483
-517.354126
124.724976
521.832764
20.235205
-724.616760
-655.169922
197.016464
711.663330
195.333435
-666.920410
-740.949219
18.686434
537.532104
132.492355
-532.989929
-381.214478
547.184143
1094.873291
546.971069
-390.550873
-546.927124
132.085663
551.832886
21.415548
-765.945435
-692.530640
207.956757
751.663452
206.273727
-704.281128
-782.277893
19.866774
567.532227
139.853043
-562.562927
-402.394867
577.145569
1154.873291
576.932495
-411.731262
-576.500122
139.446350
581.833008
22.595892
-807.274109
-729.891357
218.897049
791.663574
217.214020
-741.641846
-823.606567
21.047113
597.532349
147.213730
-592.135925
-423.575256
607.106995
1214.873291
606.893921
-432.911652
-606.073120
146.807037
611.833130
23.776236
-848.602783
-767.252075
229.837341
831.663696
228.154312
-779.002563
-864.935242
22.227453
627.532471
154.574417
-621.708923
-444.755646
637.068420
1274.873291
636.855347
-454.092041
-635.646118
154.167725
641.833252
24.956579
-889.931458
-804.612793
240.777634
871.663818
239.094604
-816.363281
-906.263916
23.407793
657.532593
161.935104
-651.281921
-465.936035
667.029846
1334.873291
666.816772
-475.272430
-665.219116
161.528412
671.833374
26.136921
-931.260132
-841.973511
251.717926
911.663940
250.034897
-853.723999
-947.592590
24.588133
687.532715
169.295792
-680.854919
-487.116425
696.991272
1394.873291
696.778198
-496.452820
-694.792114
168.889099
701.833496
27.317261
-972.588806
-879.334229
262.658203
951.664062
260.975159
-891.084717
-988.921265
25.768476
717.532837
176.656479
-710.427917
-508.296814
726.952698
1454.873291
726.739624
-517.633240
-724.365112
176.249786
731.833618
28.497601
-1013.917480
-916.694946
273.598450
991.664185
271.915405
-928.445435
-1030.249878
26.948822
747.532959
184.017166
-740.000916
-529.477112
756.914124
1514.873291
756.701050
-538.813538
-753.938110
183.610474
761.833740
29.677940
-1055.246216
-954.055664
284.538696
1031.664185
282.855652
-965.806152
-1071.578613
28.129166
777.533081
191.377853
-769.573914
-550.657410
786.875549
1574.873291
786.662476
-559.993835
-783.511108
190.971161
791.833862
30.858280
-1096.574951
-991.416382
295.478943
1071.664185
293.795898
-1003.166870
-1112.907349
29.309509
807.533203
198.738541
-799.146912
-571.837708
816.836975
1634.873291
816.623901
-581.174133
-813.084106
198.331848
821.833984
32.038620
-1137.903687
-1028.777100
306.419189
1111.664185
304.736145
-1040.527466
-1154.236084
30.489853
837.533325
206.099228
-828.719910
-593.018005
846.798401
1694.873291
846.585327
-602.354431
-842.657104
205.692535
851.834106
33.218964
-1179.232422
-1066.137939
317.359436
1151.664185
315.676392
-1077.888306
-1195.564819
31.670197
867.533447
213.459915
-858.292908
-614.198303
876.759827
1754.873291
876.546753
-623.534729
-872.230103
213.053223
881.834229
34.399307
-1220.561157
-1103.498779
328.299683
1191.664185
326.616638
-1115.249146
-1236.893555
32.850540
897.533569
220.820602
-887.865906
-635.378601
906.721252
1814.873291
906.508179
-644.715027
-901.803101
220.413910
911.834351
35.579651
-1261.889893
-1140.859619
339.239929
1231.664185
337.556885
-1152.609985
-1278.222290
34.030884
927.533691
228.181290
-917.438904
-656.558899
936.682678
1874.873291
936.469604
-665.895325
-931.376099
227.774597
941.834473
36.759995
-1303.218628
-1178.220459
350.180176
1271.664185
348.497131
-1189.970825
-1319.551025
35.211227
957.533813
235.541977
-947.011902
-677.739197
966.644104
1934.873291
966.431030
-687.075623
-960.949097
235.135284
971.834595
37.940338
-1344.547363
-1215.581299
361.120422
1311.664185
359.437378
-1227.331665
-1360.879761
36.391571
987.533936
242.902664
-976.584900
-698.919495
996.605530
1994.873291
996.392456
-708.255920
-990.522095
242.495972
1001.834717
39.120682
-1385.876099
-1252.942139
372.060669
1351.664185
370.377625
-1264.692505
-1402.208496
37.571915
1017.534058
250.263351
-1006.157898
-720.099792
1026.567017
2054.873047
1026.354004
-729.436218
-1020.095093
249.856659
1031.834839
40.301025
-1427.204834
-1290.302979
383.000916
1391.664185
381.317871
-1302.053345
-1443.537231
38.752258
1047.534180
257.623993
-1035.730835
-741.280090
1056.528809
2114.872803
1056.315796
-750.616516
-1049.667969
257.217316
1061.834839
41.481369
-1468.533569
-1327.663818
393.941162
1431.664185
392.258118
-1339.414185
-1484.865967
39.932602
1077.534180
264.984650
-1065.303833
-762.460388
1086.490601
2174.872559
1086.277588
-771.796814
-1079.240967
264.577972
1091.834839
42.661713
-1509.862305
-1365.024658
404.881409
1471.664185
403.198364
-1376.775024
-1526.194702
41.112946
1107.534180
272.345306
-1094.876831
-783.640686
1116.452393
2234.872314
1116.239380
-792.977112
-1108.813965
271.938629
1121.834839
43.842056
-1551.191040
-1402.385498
415.821655
1511.664185
414.138611
-1414.135864
-1567.523438
42.293289
1137.534180
279.705963
-1124.449829
-804.820984
1146.414185
2294.872070
1146.201172
-814.157410
-1138.386963
279.299286
1151.834839
45.022400
-1592.519775
-1439.746338
426.761902
1551.664185
425.078857
-1451.496704
-1608.852173
43.473633
1167.534180
287.066620
-1154.022827
-826.001282
1176.375977
2354.871826
1176.162964
-835.337708
-1167.959961
286.659943
1181.834839
46.202744
-1633.848511
-1477.107178
437.702148
1591.664185
436.019104
-1488.857544
-1650.180908
44.653976
1197.534180
294.427277
-1183.595825
-847.181580
1206.337769
2414.871582
1206.124756
-856.518005
-1197.532959
294.020599
1211.834839
47.383087
-1675.177246
-1514.468018
448.642395
1631.664185
446.959351
-1526.218384
-1691.509644
45.834320
1227.534180
301.787933
-1213.168823
-868.361877
1236.299561
2474.871338
1236.086548
-877.698303
-1227.105957
301.381256
1241.834839
48.563431
-1716.505981
-1551.828857
459.582642
1671.664185
457.899597
-1563.579224
-1732.838379
47.014664
1257.534180
309.148590
-1242.741821
-889.542175
1266.261353
2534.871094
1266.048340
-898.878601
-1256.678955
308.741913
1271.834839
49.743774
-1757.834717
-1589.189697
470.522888
1711.664185
468.839844
-1600.940063
-1774.167114
48.195007
1287.534180
316.509247
-1272.314819
-910.722473
1296.223145
2594.870850
1296.010132
-920.058899
-1286.251953
316.102570
1301.834839
50.924118
-1799.163452
-1626.550537
481.463135
1751.664185
479.780090
-1638.300903
-1815.495850
49.375351
1317.534180
323.869904
-1301.887817
-931.902771
1326.184937
2654.870605
1325.971924
-941.239197
-1315.824951
323.463226
1331.834839
52.104462
-1840.492188
-1663.911377
492.403381
1791.664185
490.720337
-1675.661743
-1856.824585
50.555695
1347.534180
331.230560
-1331.460815
-953.083069
1356.146729
2714.870361
1355.933716
-962.419495
-1345.397949
330.823883
1361.834839
53.284805
-1881.820923
-1701.272217
503.343628
1831.664185
501.660583
-1713.022583
-1898.153320
51.736038
1377.534180
338.591217
-1361.033813
-974.263367
1386.108521
2774.870117
1385.895508
-983.599792
-1374.970947
338.184540
1391.834839
54.465149
-1923.149658
-1738.633057
514.283875
1871.664185
512.600891
-1750.383423
-1939.482056
52.916382
1407.534180
345.951874
-1390.606812
-995.443665
1416.070312
2834.869873
1415.857300
-1004.780090
-1404.543945
345.545197
1421.834839
55.645493
-1964.478394
-1775.993896
525.224243
1911.664185
523.541260
-1787.744263
-1980.810791
54.096725
1437.534180
353.312531
-1420.179810
-1016.623962
1446.032104
2894.869629
1445.819092
-1025.960449
-1434.116943
352.905853
1451.834839
56.825836
-2005.807129
-1813.354736
536.164612
1951.664185
534.481628
-1825.105103
-2022.139526
55.277069
1467.534180
360.673187
-1449.752808
-1037.804321
1475.993896
2954.869385
1475.780884
-1047.140869
-1463.689941
360.266510
1481.834839
58.006180
-2047.135864
-1850.715576
547.104980
1991.664185
545.421997
-1862.465942
-2063.468262
56.457413
1497.534180
368.033844
-1479.325806
-1058.984741
1505.955688
3014.869141
1505.742676
-1068.321289
-1493.262939
367.627167
1511.834839
59.186523
-2088.464600
-1888.076416
558.045349
2031.664185
556.362366
-1899.826782
-2104.796875
57.637756
1527.534180
375.394501
-1508.898804
-1080.165161
1535.917480
3074.868896
1535.917480
-1080.165161
-1508.898804
375.394501
1527.534180
57.637756
-2104.796875
-1899.826782
556.362366
2031.664185
558.045349
-1888.076416
-2088.464600
59.186523
1511.834839
367.627167
-1493.262939
-1068.321289
1505.742676
3014.869141
1505.955688
-1058.984741
-1479.325806
368.033844
1497.534180
56.457413
-2063.468262
-1862.465942
545.421997
1991.664185
547.104980
-1850.715576
-2047.135864
58.006180
1481.834839
360.266510
-1463.689941
-1047.140869
1475.780884
2954.869385
1475.993896
-1037.804321
-1449.752808
360.673187
1467.534180
55.277069
-2022.139526
-1825.105103
534.481628
1951.664185
536.164612
-1813.354736
-2005.807129
56.825836
1451.834839
352.905853
-1434.116943
-1025.960449
1445.819092
2894.869629
1446.032104
-1016.623962
-1420.179810
353.312531
1437.534180
54.096725
-1980.810791
-1787.744263
523.541260
1911.664185
525.224243
-1775.993896
-1964.478394
55.645493
1421.834839
345.545197
-1404.543945
-1004.780090
1415.857300
2834.869873
1416.070312
-995.443665
-1390.606812
345.951874
1407.534180
52.916382
-1939.482056
-1750.383423
512.600891
1871.664185
514.283875
-1738.633057
-1923.149658
54.465149
1391.834839
338.184540
-1374.970947
-983.599792
1385.895508
2774.870117
1386.108521
-974.263367
-1361.033813
338.591217
1377.534180
51.736038
-1898.153320
-1713.022583
501.660583
1831.664185
503.343628
-1701.272217
-1881.820923
53.284805
1361.834839
330.823883
-1345.397949
-962.419495
1355.933716
2714.870361
1356.146729
-953.083069
-1331.460815
331.230560
1347.534180
50.555695
-1856.824585
-1675.661743
490.720337
1791.664185
492.403381
-1663.911377
-1840.492188
52.104462
1331.834839
323.463226
-1315.824951
-941.239197
1325.971924
2654.870605
1326.184937
-931.902771
-1301.887817
323.869904
1317.534180
49.375351
-1815.495850
-1638.300903
479.780090
1751.664185
481.463135
-1626.550537
-1799.163452
50.924118
1301.834839
316.102570
-1286.251953
-920.058899
1296.010132
2594.870850
1296.223145
-910.722473
-1272.314819
316.509247
1287.534180
48.195007
-1774.167114
-1600.940063
468.839844
1711.664185
470.522888
-1589.189697
-1757.834717
49.743774
1271.834839
308.741913
-1256.678955
-898.878601
1266.048340
2534.871094
1266.261353
-889.542175
-1242.741821
309.148590
1257.534180
47.014664
-1732.838379
-1563.579224
457.899597
1671.664185
459.582642
-1551.828857
-1716.505981
48.563431
1241.834839
301.381256
-1227.105957
-877.698303
1236.086548
2474.871338
1236.299561
-868.361877
-1213.168823
301.787933
1227.534180
45.834320
-1691.509644
-1526.218384
446.959351
1631.664185
448.642395
-1514.468018
-1675.177246
47.383087
1211.834839
294.020599
-1197.532959
-856.518005
1206.124756
2414.871582
1206.337769
-847.181580
-1183.595825
294.427277
1197.534180
44.653976
-1650.180908
-1488.857544
436.019104
1591.664185
437.702148
-1477.107178
-1633.848511
46.202744
1181.834839
286.659943
-1167.959961
-835.337708
1176.162964
2354.871826
1176.375977
-826.001282
-1154.022827
287.066620
1167.534180
43.473633
-1608.852173
-1451.496704
425.078857
1551.664185
426.761902
-1439.746338
-1592.519775
45.022400
1151.834839
279.299286
-1138.386963
-814.157410
1146.201172
2294.872070
1146.414185
-804.820984
-1124.449829
279.705963
1137.534180
42.293289
-1567.523438
-1414.135864
414.138611
1511.664185
415.821655
-1402.385498
-1551.191040
43.842056
1121.834839
271.938629
-1108.813965
-792.977112
1116.239380
2234.872314
1116.452393
-783.640686
-1094.876831
272.345306
1107.534180
41.112946
-1526.194702
-1376.775024
403.198364
1471.664185
404.881409
-1365.024658
-1509.862305
42.661713
1091.834839
264.577972
-1079.240967
-771.796814
1086.277588
2174.872559
1086.490601
-762.460388
-1065.303833
264.984650
1077.534180
39.932602
-1484.865967
-1339.414185
392.258118
1431.664185
393.941162
-1327.663818
-1468.533569
41.481369
1061.834839
257.217316
-1049.667969
-750.616516
1056.315796
2114.872803
1056.528809
-741.280090
-1035.730835
257.623993
1047.534180
38.752258
-1443.537231
-1302.053345
381.317871
1391.664185
383.000916
-1290.302979
-1427.204834
40.301025
1031.834839
249.856659
-1020.095093
-729.436218
1026.354004
2054.873047
1026.567017
-720.099792
-1006.157898
250.263351
1017.534058
37.571915
-1402.208496
-1264.692505
370.377625
1351.664185
372.060669
-1252.942139
-1385.876099
39.120682
1001.834717
242.495972
-990.522095
-708.255920
996.392456
1994.873291
996.605530
-698.919495
-976.584900
242.902664
987.533936
36.391571
-1360.879761
-1227.331665
359.437378
1311.664185
361.120422
-1215.581299
-1344.547363
37.940338
971.834595
235.135284
-960.949097
-687.075623
966.431030
1934.873291
966.644104
-677.739197
-947.011902
235.541977
957.533813
35.211227
-1319.551025
-1189.970825
348.497131
1271.664185
350.180176
-1178.220459
-1303.218628
36.759995
941.834473
227.774597
-931.376099
-665.895325
936.469604
1874.873291
936.682678
-656.558899
-917.438904
228.181290
927.533691
34.030884
-1278.222290
-1152.609985
337.556885
1231.664185
339.239929
-1140.859619
-1261.889893
35.579651
911.834351
220.413910
-901.803101
-644.715027
906.508179
1814.873291
906.721252
-635.378601
-887.865906
220.820602
897.533569
32.850540
-1236.893555
-1115.249146
326.616638
1191.664185
328.299683
-1103.498779
-1220.561157
34.399307
881.834229
213.053223
-872.230103
-623.534729
876.546753
1754.873291
876.759827
-614.198303
-858.292908
213.459915
867.533447
31.670197
-1195.564819
-1077.888306
315.676392
1151.664185
317.359436
-1066.137939
-1179.232422
33.218964
851.834106
205.692535
-842.657104
-602.354431
846.585327
1694.873291
846.798401
-593.018005
-828.719910
206.099228
837.533325
30.489853
-1154.236084
-1040.527466
304.736145
1111.664185
306.419189
-1028.777100
-1137.903687
32.038620
821.833984
198.331848
-813.084106
-581.174133
816.623901
1634.873291
816.836975
-571.837708
-799.146912
198.738541
807.533203
29.309509
-1112.907349
-1003.166870
293.795898
1071.664185
295.478943
-991.416382
-1096.574951
30.858280
791.833862
190.971161
-783.511108
-559.993835
786.662476
1574.873291
786.875549
-550.657410
-769.573914
191.377853
777.533081
28.129166
-1071.578613
-965.806152
282.855652
1031.664185
284.538696
-954.055664
-1055.246216
29.677940
761.833740
183.610474
-753.938110
-538.813538
756.701050
1514.873291
756.914124
-529.477112
-740.000916
184.017166
747.532959
26.948822
-1030.249878
-928.445435
271.915405
991.664185
273.598450
-916.694946
-1013.917480
28.497601
731.833618
176.249786
-724.365112
-517.633240
726.739624
1454.873291
726.952698
-508.296814
-710.427917
176.656479
717.532837
25.768476
-988.921265
-891.084717
260.975159
951.664062
262.658203
-879.334229
-972.588806
27.317261
701.833496
168.889099
-694.792114
-496.452820
696.778198
1394.873291
696.991272
-487.116425
-680.854919
169.295792
687.532715
24.588133
-947.592590
-853.723999
250.034897
911.663940
251.717926
-841.973511
-931.260132
26.136921
671.833374
161.528412
-665.219116
-475.272430
666.816772
1334.873291
667.029846
-465.936035
-651.281921
161.935104
657.532593
23.407793
-906.263916
-816.363281
239.094604
871.663818
240.777634
-804.612793
-889.931458
24.956579
641.833252
154.167725
-635.646118
-454.092041
636.855347
1274.873291
637.068420
-444.755646
-621.708923
154.574417
627.532471
22.227453
-864.935242
-779.002563
228.154312
831.663696
229.837341
-767.252075
-848.602783
23.776236
611.833130
146.807037
-606.073120
-432.911652
606.893921
1214.873291
607.106995
-423.575256
-592.135925
147.213730
597.532349
21.047113
-823.606567
-741.641846
217.214020
791.663574
218.897049
-729.891357
-807.274109
22.595892
581.833008
139.446350
-576.500122
-411.731262
576.932495
1154.873291
577.145569
-402.394867
-562.562927
139.853043
567.532227
19.866774
-782.277893
-704.281128
206.273727
751.663452
207.956757
-692.530640
-765.945435
21.415548
551.832886
132.085663
-546.927124
-390.550873
546.971069
1094.873291
547.184143
-381.214478
-532.989929
132.492355
537.532104
18.686434
-740.949219
-666.920410
195.333435
711.663330
197.016464
-655.169922
-724.616760
20.235205
521.832764
124.724976
-517.354126
-369.370483
517.009644
1034.873291
517.222717
-360.034088
-503.416962
125.131668
507.532013
17.506094
-699.620544
-629.559692
184.393143
671.663208
186.076172
-617.809204
-683.288086
19.054861
491.832794
117.364288
-487.781067
-348.190094
487.048309
974.873230
487.261353
-338.853699
-473.843933
117.770981
477.532043
16.325754
-658.291870
-592.198975
173.452850
631.663086
175.135880
-580.448486
-641.959412
17.874517
461.832825
110.003601
-458.208038
-327.009705
457.086945
914.873108
457.299988
-317.673309
-444.270905
110.410294
447.532074
15.145411
-616.963196
-554.838257
162.512558
591.662964
164.195587
-543.087769
-600.630737
16.694174
431.832855
102.642914
-428.635010
-305.829315
427.125580
854.872986
427.338623
-296.492920
-414.697876
103.049606
417.532104
13.965068
-575.634521
-517.477539
151.572266
551.662842
153.255295
-505.727051
-559.302063
15.513829
401.832886
95.282227
-399.061981
-284.648926
397.164215
794.872864
397.377258
-275.312531
-385.124847
95.688919
387.532135
12.784724
-534.305847
-480.116821
140.631973
511.662750
142.315002
-468.366333
-517.973389
14.333486
371.832916
87.921539
-369.488953
-263.468536
367.202850
734.872742
367.415894
-254.132126
-355.551819
88.328232
357.532166
11.604381
-492.977112
-442.756104
129.691681
471.662750
131.374710
-431.005615
-476.644653
13.153142
341.832947
80.560852
-339.915924
-242.288254
337.241486
674.872620
337.454529
-232.951782
-325.978790
80.967545
327.532196
10.424037
-451.648407
-405.395386
118.751396
431.662750
120.434418
-393.644897
-435.315948
11.972798
311.832977
73.200165
-310.342896
-221.107910
307.280121
614.872498
307.493164
-211.771439
-296.405762
73.606857
297.532227
9.243693
-410.319702
-368.034668
107.811104
391.662750
109.494125
-356.284180
-393.987244
10.792455
281.833008
65.839478
-280.769867
-199.927567
277.318756
554.872375
277.531799
-190.591095
-266.832733
66.246170
267.532257
8.063350
-368.990997
-330.673950
96.870811
351.662750
98.553833
-318.923462
-352.658539
9.612112
251.833038
58.478790
-251.196854
-178.747223
247.357300
494.872284
247.570343
-169.410751
-237.259720
58.885479
237.532288
6.883006
-327.662292
-293.313232
85.930519
311.662750
87.613541
-281.562744
-311.329834
8.431768
221.833008
51.118103
-221.623825
-157.566879
217.395874
434.872314
217.608917
-148.230408
-207.686691
51.524792
207.532257
5.702662
-286.333588
-255.952515
74.990227
271.662750
76.673248
-244.202011
-270.001129
7.251425
191.832977
43.757416
-192.050797
-136.386536
187.434448
374.872345
187.647491
-127.050064
-178.113663
44.164104
177.532227
4.522318
-245.004868
-218.591843
64.049934
231.662750
65.732956
-206.841339
-228.672455
6.071082
161.832947
36.396729
-162.477768
-115.206154
157.473022
314.872375
157.686066
-105.869705
-148.540634
36.803417
147.532196
3.341975
-203.676147
-181.231171
53.109650
191.662750
54.792664
-169.480667
-187.343735
4.890738
131.832916
29.036039
-132.904739
-94.025795
127.511597
254.872421
127.724648
-84.689346
-118.967598
29.442734
117.532173
2.161630
-162.347427
-143.870499
42.169365
151.662750
43.852379
-132.119995
-146.015015
3.710396
101.832932
21.675356
-103.331734
-72.845444
97.550179
194.872421
97.763237
-63.508991
-89.394592
22.082050
87.532188
0.981286
-121.018707
-106.509819
31.229086
111.662750
32.912094
-94.759323
-104.686287
2.530053
71.832947
14.314675
-73.758728
-51.665100
67.588760
134.872421
67.801819
-42.328644
-59.821587
14.721366
57.532200
-0.199057
-79.690002
-69.149139
20.288799
71.662750
21.971806
-57.398640
-63.357582
1.349710
41.832939
6.953993
-44.185711
-30.484753
37.627346
74.872421
37.840405
-21.148296
-30.248573
7.360683
27.532188
-1.379401
-38.361305
-31.788456
9.348510
31.662741
11.031520
-20.037956
-22.028879
0.169366
11.832930
-0.406690
-14.612705
-9.304407
7.665926
14.872414
7.878983
0.032049
-0.675571
