0.000000
-0.022136
-0.044383
-0.066869
-0.089712
-0.113031
-0.136981
-0.161670
-0.187249
-0.213863
-0.241668
-0.270840
-0.301560
-0.334014
-0.368450
-0.405076
-0.444159
-0.485992
-0.530899
-0.579221
-0.631408
-0.687860
-0.749134
-0.815802
-0.888544
-0.968145
-1.055510
-1.151677
-1.257899
-1.375624
-1.506599
-1.652905
-1.817061
-2.002146
-2.211957
-2.451234
-2.725979
-3.043876
-3.414977
-3.852570
-4.374802
-5.006880
-5.785014
-6.763089
-8.024981
-9.708673
-12.058418
-15.551046
-21.259605
-32.208290
-61.502228
-384.351044
100.084351
46.334229
31.028713
23.818966
19.646999
16.943237
15.061504
13.687111
12.648542
11.844387
11.210939
10.706203
10.301435
9.976376
9.716379
9.510666
9.351200
9.231928
9.148279
9.096851
9.075105
9.081279
9.114209
9.173273
9.258364
9.369823
9.508530
9.675776
9.873449
10.104076
10.370882
10.677982
11.030582
11.435219
11.900206
12.436159
13.056738
13.779848
14.629248
15.637166
16.848286
18.326447
20.165989
22.512321
25.601791
29.846058
36.030983
45.867226
63.916603
107.775009
370.997925
-243.229797
-89.685471
-54.258362
-38.516365
-29.620575
-23.902725
-19.917786
-16.981285
-14.727125
-12.941710
-11.492125
-10.291241
-9.279633
-8.415294
-7.667801
-7.014494
-6.438180
-5.925556
-5.466212
-5.051841
-4.675745
-4.332471
-4.017528
-3.727193
-3.458333
-3.208288
-2.974826
-2.756012
-2.550189
-2.355910
-2.171918
-1.997115
-1.830526
-1.671276
-1.518607
-1.371827
-1.230314
-1.093505
-0.960891
-0.831999
-0.706413
-0.583722
-0.463559
-0.345578
-0.229453
-0.114881
-0.001550
0.110799
0.222456
0.333691
0.444773
0.555853
0.667409
0.779560
0.892589
1.006759
1.122360
1.239690
1.359040
1.480728
1.605089
1.732470
1.863267
1.997886
2.136745
2.280369
2.429263
2.584008
2.745248
2.913699
3.090157
3.275492
3.470723
3.676998
3.895601
4.128008
4.375908
4.641360
4.926574
5.234272
5.567663
5.930540
6.327466
6.763964
7.246796
7.784352
8.387114
9.068362
9.845289
10.740432
11.783939
13.017141
14.498226
16.311804
18.585945
21.523899
25.469269
31.051830
39.564369
54.146427
84.914337
192.565948
-776.158447
-130.319321
-71.594582
-49.564659
-38.019127
-30.909428
-26.089287
-22.604773
-19.967358
-17.900797
-16.237310
-14.868931
-13.723154
-12.749416
-11.911388
-11.182339
-10.542107
-9.975185
-9.469545
-9.015626
-8.605762
-8.233732
-7.894446
-7.583670
-7.297893
-7.034115
-6.789918
-6.563067
-6.351754
-6.154386
-5.969594
-5.796175
-5.633086
-5.479364
-5.334231
-5.196948
-5.066871
-4.943425
-4.826102
-4.714413
-4.607971
-4.506379
-4.409310
-4.316438
-4.227498
-4.142228
-4.060380
-3.981758
-3.906170
-3.833387
-3.763295
-3.695779
-3.630517
-3.567561
-3.506730
-3.447901
-3.390983
-3.335864
-3.282460
-3.230689
-3.180466
-3.131720
-3.084382
-3.038378
-2.993655
-2.950161
-2.907829
-2.866614
-2.826469
-2.787345
-2.749213
-2.712005
-2.675712
-2.640277
-2.605680
-2.571883
-2.538857
-2.506566
-2.474995
-2.444107
-2.413881
-2.384295
-2.355322
-2.326942
-2.299138
-2.271887
-2.245174
-2.218973
-2.193276
-2.168059
-2.143317
-2.119020
-2.095162
-2.071739
-2.048722
-2.026105
-2.003875
-1.982018
-1.960527
-1.939398
-1.918602
-1.898140
-1.877960
-1.858223
-1.838707
-1.819500
-1.800577
-1.781930
-1.763566
-1.745469
-1.727633
-1.710050
-1.692720
-1.675622
-1.658760
-1.642127
-1.625717
-1.609524
-1.593542
-1.577769
-1.562201
-1.546824
-1.531644
-1.516645
-1.501835
-1.487200
-1.472741
-1.458458
-1.444327
-1.430384
-1.416584
-1.402940
-1.389452
-1.376109
-1.362920
-1.349864
-1.336952
-1.324176
-1.311535
-1.299023
-1.286641
-1.274381
-1.262249
-1.250232
-1.238335
-1.226556
-1.214892
-1.203331
-1.191885
-1.180540
-1.169310
-1.158173
-1.147142
-1.136209
-1.125331
-1.114600
-1.103947
-1.093387
-1.082909
-1.072526
-1.062236
-1.052015
-1.041880
-1.031829
-1.021856
-1.011959
-1.002141
-0.992403
-0.982735
-0.973138
-0.963615
-0.954159
-0.944772
-0.935458
-0.926202
-0.917017
-0.907897
-0.898834
-0.889836
-0.880898
-0.872020
-0.863200
-0.854438
-0.845733
-0.837085
-0.828490
-0.819947
-0.811456
-0.803019
-0.794631
-0.786295
-0.778006
-0.769775
-0.761580
-0.753438
-0.745336
-0.737282
-0.729272
-0.721327
-0.713384
-0.705511
-0.697666
-0.689869
-0.682114
-0.674385
-0.666718
-0.659061
-0.651459
-0.643909
-0.636366
-0.628868
-0.621406
-0.613978
-0.606584
-0.599220
-0.591894
-0.584598
-0.577331
-0.570104
-0.562901
-0.555725
-0.548584
-0.541468
-0.534384
-0.527323
-0.520292
-0.513289
-0.506309
-0.499359
-0.492432
-0.485527
-0.478653
-0.471800
-0.464971
-0.458168
-0.451384
-0.444623
-0.437886
-0.431166
-0.424470
-0.417801
-0.411142
-0.404508
-0.397892
-0.391296
-0.384719
-0.378160
-0.371619
-0.365095
-0.358591
-0.352103
-0.345630
-0.339176
-0.332737
-0.326307
-0.319893
-0.313431
-0.307117
-0.300762
-0.294412
-0.288075
-0.281751
-0.275430
-0.269136
-0.262851
-0.256577
-0.250314
-0.244062
-0.237827
-0.231585
-0.225372
-0.219163
-0.212964
-0.206777
-0.200596
-0.194424
-0.188260
-0.182105
-0.175958
-0.169820
-0.163690
-0.157557
-0.151448
-0.145339
-0.139236
-0.133138
-0.127047
-0.120960
-0.114870
-0.108806
-0.102733
-0.096667
-0.090606
-0.084547
-0.078490
-0.072442
-0.066394
-0.060350
-0.054308
-0.048266
-0.042228
-0.036191
-0.030163
-0.024126
-0.018086
-0.012060
-0.006032
0.000000
0.006034
0.012060
0.018096
0.024126
0.030155
0.036190
0.042227
0.048265
0.054305
0.060349
0.066398
0.072442
0.078483
0.084545
0.090604
0.096667
0.102733
0.108803
0.114879
0.120961
0.127046
0.133139
0.139235
0.145341
0.151444
0.157565
0.163694
0.169819
0.175954
0.182105
0.188260
0.194423
0.200596
0.206775
0.212969
0.219164
0.225372
0.231591
0.237823
0.244063
0.250313
0.256576
0.262856
0.269137
0.275424
0.281747
0.288069
0.294408
0.300756
0.307114
0.313446
0.319912
0.326317
0.332739
0.339179
0.345634
0.352103
0.358594
0.365099
0.371620
0.378160
0.384718
0.391297
0.397893
0.404507
0.411142
0.417792
0.424472
0.431168
0.437887
0.444623
0.451384
0.458167
0.464973
0.471803
0.478654
0.485536
0.492432
0.499361
0.506311
0.513288
0.520294
0.527322
0.534384
0.541469
0.548583
0.555727
0.562899
0.570099
0.577339
0.584605
0.591896
0.599217
0.606586
0.613979
0.621406
0.628864
0.636366
0.643896
0.651464
0.659069
0.666748
0.674377
0.682102
0.689863
0.697664
0.705499
0.713384
0.721314
0.729270
0.737280
0.745337
0.753434
0.761576
0.769735
0.778009
0.786294
0.794633
0.803020
0.811457
0.819945
0.828487
0.837082
0.845732
0.854439
0.863198
0.872020
0.880898
0.889836
0.898834
0.907894
0.917017
0.926204
0.935456
0.944773
0.954159
0.963613
0.973138
0.982733
0.992402
1.002160
1.011960
1.021856
1.031828
1.041879
1.052013
1.062230
1.072524
1.082914
1.093387
1.103946
1.114601
1.125318
1.136209
1.147136
1.158172
1.169314
1.180541
1.191886
1.203332
1.214889
1.226555
1.238332
1.250234
1.262248
1.274385
1.286644
1.299023
1.311535
1.324177
1.336952
1.349861
1.362909
1.376108
1.389450
1.402939
1.416578
1.430377
1.444313
1.458458
1.472745
1.487203
1.501836
1.516647
1.531642
1.546825
1.562202
1.577771
1.593548
1.609526
1.625717
1.642127
1.658762
1.675621
1.692711
1.710054
1.727637
1.745471
1.763572
1.781933
1.800577
1.819492
1.838711
1.858231
1.877960
1.898148
1.918602
1.939398
1.960526
1.982017
2.003858
2.026104
2.048718
2.071736
2.095163
2.119018
2.143311
2.168063
2.193274
2.218975
2.245168
2.271887
2.299139
2.326942
2.355319
2.384293
2.413877
2.444107
2.474994
2.506572
2.538856
2.571882
2.605678
2.640280
2.675709
2.712004
2.749197
2.787347
2.826467
2.866614
2.907825
2.950158
2.993586
3.038383
3.084378
3.131721
3.180467
3.230692
3.282462
3.335869
3.390982
3.447902
3.506721
3.567561
3.630515
3.695779
3.763294
3.833384
3.906162
3.981760
4.060382
4.142227
4.227501
4.316441
4.409307
4.506380
4.607966
4.714412
4.826088
4.943424
5.066874
5.196947
5.334227
5.479362
5.633050
5.796180
5.969595
6.154390
6.351751
6.563064
6.789914
7.034149
7.297893
7.583675
7.894444
8.233736
8.605767
9.015627
9.469545
9.975182
10.542082
11.182343
11.911397
12.749412
13.723160
14.868937
16.237305
17.900806
19.967339
22.604786
26.089283
30.909435
38.019150
49.564667
71.594582
130.319366
776.158569
-192.566010
-84.914337
-54.146442
-39.564384
-31.051842
-25.469261
-21.523895
-18.585926
-16.311810
-14.498222
-13.017141
-11.783946
-10.740433
-9.845288
-9.068354
-8.387088
-7.784354
-7.246805
-6.763965
-6.327467
-5.930541
-5.567663
-5.234271
-4.926564
-4.641349
-4.375923
-4.128009
-3.895603
-3.677000
-3.470726
-3.275489
-3.090131
-2.913703
-2.745255
-2.584013
-2.429265
-2.280373
-2.136750
-1.997876
-1.863266
-1.732471
-1.605080
-1.480728
-1.359041
-1.239690
-1.122362
-1.006758
-0.892574
-0.779563
-0.667422
-0.555869
-0.444776
-0.333688
-0.222456
-0.110793
0.001562
0.114886
0.229450
0.345581
0.463559
0.583722
0.706415
0.832005
0.960954
1.093502
1.230313
1.371823
1.518606
1.671275
1.830521
1.997128
2.171927
2.355916
2.550184
2.756013
2.974826
3.208288
3.458328
3.727196
4.017536
4.332473
4.675742
5.051838
5.466211
5.925555
6.438174
7.014506
7.667812
8.415297
9.279610
10.291246
11.492121
12.941710
14.727112
16.981289
19.917801
23.902733
29.620577
38.516376
54.258373
89.685471
243.229797
-370.997955
-107.775009
-63.916611
-45.867245
-36.030998
-29.846054
-25.601791
-22.512302
-20.165989
-18.326450
-16.848286
-15.637166
-14.629253
-13.779853
-13.056736
-12.436151
-11.900212
-11.435218
-11.030577
-10.677998
-10.370886
-10.104074
-9.873447
-9.675766
-9.508523
-9.369804
-9.258380
-9.173283
-9.114210
-9.081284
-9.075106
-9.096845
-9.148285
-9.231930
-9.351207
-9.510679
-9.716386
-9.976377
-10.301435
-10.706200
-11.210939
-11.844387
-12.648540
-13.687128
-15.061504
-16.943245
-19.646996
-23.818960
-31.028711
-46.334236
-100.084328
384.350952
61.502209
32.208290
21.259605
15.551044
12.058417
9.708689
8.024974
6.763100
5.785007
5.006882
4.374800
3.852578
3.414956
3.043871
2.725976
2.451242
2.211958
2.002143
1.817060
1.652905
1.506598
1.375628
1.257892
1.151678
1.055477
0.968146
0.888547
0.815804
0.749128
0.687861
0.631403
0.579236
0.530899
0.485994
0.444160
0.405076
0.368450
0.334069
0.301555
0.270838
0.241664
0.213860
0.187245
0.161676
0.136983
0.113037
0.089708
0.066865
0.044381
0.022133
