5.416996
5.417905
5.420773
5.425573
5.432299
5.441010
5.451727
5.464504
5.479389
5.496453
5.515774
5.537440
5.561550
5.588218
5.617593
5.649810
5.685047
5.723499
5.765389
5.810962
5.860525
5.914379
5.972906
6.036542
6.105779
6.181181
6.263427
6.353278
6.451647
6.559614
6.678453
6.809704
6.955213
7.117248
7.298591
7.502727
7.734031
7.998142
8.302372
8.656483
9.073645
9.572247
10.178654
10.932083
11.893529
13.163334
14.918987
17.507061
21.707245
29.716831
51.057373
285.680298
-66.220093
-27.103354
-15.915337
-10.606230
-7.501004
-5.459095
-4.010828
-2.927323
-2.083734
-1.406101
-0.847837
-0.378104
0.024344
0.374650
0.683895
0.960414
1.210616
1.439521
1.651154
1.848795
2.035168
2.212599
2.383099
2.548448
2.710269
2.870106
3.029426
3.189666
3.352341
3.519028
3.691438
3.871505
4.061404
4.263733
4.481581
4.718769
4.980030
5.271472
5.601073
5.979535
6.421567
6.948122
7.590004
8.394621
9.438905
10.856752
12.903610
16.135418
22.034489
36.318192
121.876587
-77.667114
-27.747517
-16.207497
-11.064431
-8.146650
-6.262197
-4.941509
-3.962130
-3.205080
-2.600897
-2.106357
-1.693115
-1.341819
-1.038798
-0.774116
-0.540382
-0.331991
-0.144577
0.025269
0.180273
0.322631
0.454155
0.576320
0.690365
0.797333
0.898111
0.993451
1.084005
1.170334
1.252936
1.332241
1.408631
1.482448
1.553995
1.623558
1.691372
1.757675
1.822680
1.886580
1.949535
2.011740
2.073349
2.134512
2.195379
2.256088
2.316789
2.377603
2.438670
2.500130
2.562100
2.624744
2.688164
2.752538
2.818005
2.884704
2.952812
3.022483
3.093903
3.167261
3.242760
3.320613
3.401071
3.484380
3.570809
3.660667
3.754293
3.852046
3.954343
4.061625
4.174402
4.293248
4.418774
4.551714
4.692882
4.843209
5.003764
5.175772
5.360671
5.560120
5.776063
6.010823
6.267152
6.548358
6.858455
7.202345
7.586113
8.017371
8.505775
9.063801
9.707814
10.459730
11.349561
12.419575
13.731266
15.377654
17.506407
20.367184
24.417519
30.596685
41.185699
63.534492
141.742645
-562.082275
-92.857872
-50.196972
-34.196388
-25.813126
-20.652615
-17.155502
-14.628752
-12.717387
-11.220740
-10.016891
-9.027407
-8.199610
-7.496760
-6.892474
-6.367318
-5.906652
-5.499227
-5.136281
-4.810876
-4.517447
-4.251472
-4.009251
-3.787719
-3.584318
-3.396893
-3.223614
-3.062937
-2.913523
-2.774218
-2.644017
-2.522056
-2.407574
-2.299884
-2.198403
-2.102605
-2.012022
-1.926236
-1.844858
-1.767582
-1.694092
-1.624097
-1.557372
-1.493685
-1.432832
-1.374623
-1.318897
-1.265487
-1.214252
-1.165072
-1.117812
-1.072363
-1.028645
-0.986526
-0.945952
-0.906799
-0.869027
-0.832556
-0.797320
-0.763249
-0.730295
-0.698399
-0.667516
-0.637597
-0.608584
-0.580474
-0.553187
-0.526702
-0.500984
-0.475998
-0.451718
-0.428115
-0.405156
-0.382818
-0.361077
-0.339908
-0.319296
-0.299200
-0.279629
-0.260543
-0.241930
-0.223776
-0.206061
-0.188771
-0.171893
-0.155407
-0.139311
-0.123574
-0.108201
-0.093168
-0.078477
-0.064104
-0.050049
-0.036297
-0.022834
-0.009666
0.003231
0.015862
0.028223
0.040337
0.052202
0.063828
0.075165
0.086411
0.097370
0.108101
0.118633
0.128963
0.139097
0.149052
0.158797
0.168377
0.177770
0.187002
0.196065
0.204961
0.213698
0.222280
0.230711
0.238991
0.247129
0.255119
0.262981
0.270704
0.278296
0.285760
0.293096
0.300313
0.307399
0.314378
0.321247
0.327995
0.334634
0.341169
0.347593
0.353917
0.360142
0.366266
0.372294
0.378225
0.384064
0.389817
0.395473
0.401046
0.406531
0.411930
0.417252
0.422489
0.427644
0.432729
0.437727
0.442658
0.447511
0.452236
0.457066
0.461679
0.466251
0.470750
0.475189
0.479564
0.483873
0.488122
0.492311
0.496438
0.500507
0.504515
0.508458
0.512358
0.516196
0.519978
0.523709
0.527386
0.531010
0.534581
0.538102
0.541573
0.544994
0.548371
0.551698
0.554977
0.558210
0.561397
0.564537
0.567637
0.570691
0.573702
0.576671
0.579599
0.582483
0.585330
0.588134
0.590894
0.593623
0.596312
0.598963
0.601575
0.604152
0.606687
0.609186
0.611656
0.614086
0.616484
0.618839
0.621171
0.623486
0.625725
0.627964
0.630154
0.632318
0.634456
0.636557
0.638628
0.640670
0.642680
0.644665
0.646613
0.648533
0.650425
0.652293
0.654124
0.655932
0.657712
0.659467
0.661193
0.662889
0.664562
0.666209
0.667829
0.669425
0.670986
0.672544
0.674052
0.675545
0.677011
0.678457
0.679876
0.681270
0.682645
0.683992
0.685316
0.686614
0.687895
0.689152
0.690385
0.691595
0.692780
0.693946
0.695092
0.696215
0.697310
0.698396
0.699449
0.700487
0.701500
0.702494
0.703468
0.704468
0.705360
0.706266
0.707160
0.708032
0.708886
0.709713
0.710523
0.711314
0.712087
0.712839
0.713575
0.714285
0.714979
0.715656
0.716312
0.716951
0.717570
0.718168
0.718750
0.719311
0.719855
0.720383
0.720885
0.721375
0.721843
0.722300
0.722730
0.723148
0.723545
0.723925
0.724287
0.724622
0.724956
0.725264
0.725554
0.725825
0.726083
0.726313
0.726531
0.726739
0.726922
0.727086
0.727237
0.727370
0.727481
0.727581
0.727656
0.727715
0.727763
0.727793
0.727722
0.727788
0.727760
0.727725
0.727657
0.727577
0.727483
0.727367
0.727237
0.727088
0.726924
0.726739
0.726536
0.726285
0.726083
0.725826
0.725553
0.725263
0.724954
0.724617
0.724286
0.723922
0.723544
0.723147
0.722730
0.722303
0.721840
0.721377
0.720888
0.720383
0.719856
0.719311
0.718749
0.718168
0.717567
0.716952
0.716314
0.715657
0.714980
0.714292
0.713572
0.712841
0.712087
0.711317
0.710529
0.709715
0.708885
0.708032
0.707161
0.706267
0.705368
0.704483
0.703468
0.702496
0.701499
0.700491
0.699449
0.698391
0.697313
0.696212
0.695091
0.693944
0.692780
0.691594
0.690384
0.689152
0.687895
0.686615
0.685315
0.683992
0.682642
0.681271
0.679876
0.678457
0.677013
0.675542
0.674054
0.672524
0.670994
0.669422
0.667829
0.666209
0.664561
0.662888
0.661193
0.659466
0.657714
0.655934
0.654126
0.652293
0.650425
0.648530
0.646610
0.644657
0.642677
0.640668
0.638627
0.636558
0.634453
0.632322
0.630154
0.627962
0.625713
0.623470
0.621177
0.618844
0.616488
0.614085
0.611661
0.609190
0.606690
0.604151
0.601576
0.598962
0.596315
0.593632
0.590901
0.588135
0.585329
0.582486
0.579599
0.576669
0.573703
0.570692
0.567637
0.564540
0.561397
0.558210
0.554977
0.551697
0.548371
0.544996
0.541574
0.538104
0.534583
0.531010
0.527386
0.523708
0.519981
0.516197
0.512360
0.508458
0.504513
0.500506
0.496437
0.492312
0.488127
0.483874
0.479563
0.475194
0.470750
0.466251
0.461675
0.457058
0.452255
0.447510
0.442657
0.437729
0.432730
0.427647
0.422490
0.417251
0.411932
0.406532
0.401046
0.395471
0.389811
0.384066
0.378227
0.372294
0.366266
0.360141
0.353917
0.347590
0.341168
0.334636
0.327994
0.321245
0.314382
0.307405
0.300309
0.293097
0.285759
0.278298
0.270703
0.262981
0.255124
0.247128
0.238992
0.230709
0.222280
0.213699
0.204961
0.196064
0.187004
0.177774
0.168376
0.158801
0.149044
0.139102
0.128964
0.118628
0.108099
0.097361
0.086403
0.075226
0.063843
0.052204
0.040337
0.028230
0.015861
0.003227
-0.009667
-0.022839
-0.036298
-0.050047
-0.064106
-0.078472
-0.093170
-0.108201
-0.123573
-0.139303
-0.155406
-0.171890
-0.188770
-0.206061
-0.223775
-0.241930
-0.260542
-0.279631
-0.299212
-0.319291
-0.339906
-0.361074
-0.382816
-0.405156
-0.428113
-0.451724
-0.475999
-0.500982
-0.526701
-0.553182
-0.580472
-0.608574
-0.637598
-0.667519
-0.698404
-0.730293
-0.763249
-0.797317
-0.832554
-0.869030
-0.906800
-0.945938
-0.986527
-1.028644
-1.072362
-1.117805
-1.165069
-1.214255
-1.265486
-1.318893
-1.374619
-1.432830
-1.493684
-1.557372
-1.624099
-1.694087
-1.767585
-1.844840
-1.926230
-2.012018
-2.102602
-2.198399
-2.299881
-2.407559
-2.522062
-2.644019
-2.774216
-2.913519
-3.062936
-3.223608
-3.396882
-3.584318
-3.787717
-4.009247
-4.251468
-4.517443
-4.810874
-5.136275
-5.499218
-5.906645
-6.367316
-6.892474
-7.496754
-8.199606
-9.027403
-10.016880
-11.220737
-12.717380
-14.628747
-17.155495
-20.652603
-25.813110
-34.196381
-50.196922
-92.857819
-562.082031
141.742599
63.534443
41.185669
30.596668
24.417507
20.367163
17.506405
15.377637
13.731264
12.419575
11.349554
10.459725
9.707813
9.063793
8.505764
8.017361
7.586106
7.202341
6.858449
6.548355
6.267151
6.010817
5.776059
5.560114
5.360671
5.175789
5.003760
4.843211
4.692879
4.551708
4.418770
4.293232
4.174407
4.061626
3.954344
3.852047
3.754290
3.660664
3.570808
3.484375
3.401071
3.320622
3.242759
3.167260
3.093902
3.022480
2.952805
2.884701
2.818001
2.752528
2.688153
2.624751
2.562106
2.500130
2.438671
2.377611
2.316788
2.256092
2.195379
2.134512
2.073348
2.011734
1.949533
1.886529
1.822683
1.757677
1.691374
1.623557
1.553999
1.482449
1.408626
1.332242
1.252935
1.170336
1.084004
0.993453
0.898111
0.797334
0.690365
0.576318
0.454155
0.322633
0.180271
0.025269
-0.144575
-0.331991
-0.540385
-0.774115
-1.038797
-1.341821
-1.693116
-2.106354
-2.600894
-3.205074
-3.962129
-4.941508
-6.262185
-8.146637
-11.064422
-16.207487
-27.747494
-77.667038
121.876465
36.318150
22.034470
16.135410
12.903598
10.856739
9.438902
8.394608
7.589992
6.948119
6.421563
5.979526
5.601068
5.271468
4.980024
4.718762
4.481585
4.263733
4.061401
3.871502
3.691436
3.519022
3.352338
3.189658
3.029419
2.870097
2.710275
2.548440
2.383094
2.212597
2.035168
1.848788
1.651157
1.439523
1.210613
0.960413
0.683889
0.374645
0.024343
-0.378111
-0.847845
-1.406099
-2.083737
-2.927338
-4.010827
-5.459104
-7.501014
-10.606245
-15.915348
-27.103369
-66.220146
285.680511
51.057404
29.716852
21.707253
17.507065
14.918994
13.163328
11.893536
10.932093
10.178653
9.572250
9.073647
8.656481
8.302378
7.998139
7.734034
7.502725
7.298595
7.117249
6.955214
6.809703
6.678452
6.559612
6.451649
6.353279
6.263408
6.181190
6.105779
6.036547
5.972907
5.914376
5.860519
5.810981
5.765391
5.723502
5.685048
5.649807
5.617591
5.588191
5.561552
5.537443
5.515776
5.496456
5.479392
5.464504
5.451726
5.441010
5.432301
5.425568
5.420771
5.417906
