5.416949
5.417904
5.420771
5.425563
5.432299
5.441008
5.451728
5.464503
5.479391
5.496455
5.515775
5.537439
5.561549
5.588222
5.617592
5.649810
5.685048
5.723501
5.765390
5.810968
5.860521
5.914376
5.972907
6.036543
6.105779
6.181185
6.263426
6.353276
6.451647
6.559613
6.678454
6.809703
6.955214
7.117248
7.298593
7.502724
7.734032
7.998141
8.302380
8.656481
9.073645
9.572250
10.178657
10.932085
11.893528
13.163327
14.918989
17.507062
21.707248
29.716845
51.057388
285.680477
-66.220115
-27.103359
-15.915348
-10.606239
-7.501012
-5.459103
-4.010828
-2.927328
-2.083734
-1.406104
-0.847842
-0.378108
0.024344
0.374648
0.683894
0.960414
1.210615
1.439521
1.651153
1.848792
2.035169
2.212599
2.383096
2.548445
2.710275
2.870110
3.029419
3.189664
3.352340
3.519026
3.691439
3.871499
4.061403
4.263732
4.481585
4.718763
4.980027
5.271472
5.601074
5.979528
6.421568
6.948120
7.590002
8.394615
9.438909
10.856750
12.903611
16.135416
22.034494
36.318187
121.876594
-77.667097
-27.747528
-16.207504
-11.064438
-8.146648
-6.262198
-4.941511
-3.962138
-3.205077
-2.600899
-2.106360
-1.693119
-1.341822
-1.038799
-0.774119
-0.540388
-0.331990
-0.144578
0.025267
0.180269
0.322632
0.454152
0.576316
0.690362
0.797332
0.898110
0.993450
1.084003
1.170334
1.252934
1.332238
1.408628
1.482445
1.553996
1.623554
1.691371
1.757675
1.822676
1.886567
1.949531
2.011737
2.073346
2.134511
2.195378
2.256091
2.316786
2.377600
2.438668
2.500123
2.562101
2.624737
2.688170
2.752544
2.818005
2.884706
2.952809
3.022481
3.093901
3.167260
3.242760
3.320618
3.401072
3.484374
3.570805
3.660666
3.754291
3.852047
3.954341
4.061625
4.174403
4.293239
4.418769
4.551710
4.692880
4.843208
5.003763
5.175774
5.360669
5.560112
5.776058
6.010820
6.267150
6.548357
6.858451
7.202342
7.586107
8.017359
8.505765
9.063795
9.707813
10.459726
11.349556
12.419574
13.731263
15.377633
17.506404
20.367170
24.417512
30.596676
41.185678
63.534455
141.742602
-562.082150
-92.857826
-50.196946
-34.196377
-25.813109
-20.652600
-17.155495
-14.628744
-12.717372
-11.220738
-10.016883
-9.027404
-8.199605
-7.496756
-6.892473
-6.367317
-5.906644
-5.499221
-5.136278
-4.810874
-4.517444
-4.251470
-4.009249
-3.787716
-3.584313
-3.396887
-3.223613
-3.062937
-2.913521
-2.774215
-2.644017
-2.522056
-2.407568
-2.299881
-2.198401
-2.102604
-2.012019
-1.926231
-1.844864
-1.767584
-1.694086
-1.624098
-1.557373
-1.493685
-1.432831
-1.374625
-1.318895
-1.265486
-1.214256
-1.165073
-1.117816
-1.072373
-1.028641
-0.986526
-0.945939
-0.906798
-0.869027
-0.832554
-0.797315
-0.763248
-0.730294
-0.698401
-0.667518
-0.637598
-0.608596
-0.580472
-0.553186
-0.526701
-0.500983
-0.475999
-0.451719
-0.428113
-0.405155
-0.382817
-0.361076
-0.339908
-0.319291
-0.299204
-0.279627
-0.260542
-0.241931
-0.223776
-0.206061
-0.188771
-0.171890
-0.155406
-0.139304
-0.123572
-0.108198
-0.093169
-0.078475
-0.064104
-0.050048
-0.036295
-0.022837
-0.009664
0.003232
0.015860
0.028226
0.040340
0.052208
0.063838
0.075235
0.086407
0.097360
0.108100
0.118633
0.128964
0.139099
0.149043
0.158801
0.168377
0.177777
0.187005
0.196065
0.204962
0.213699
0.222280
0.230710
0.238991
0.247128
0.255124
0.262982
0.270705
0.278297
0.285760
0.293097
0.300312
0.307407
0.314384
0.321246
0.327996
0.334636
0.341169
0.347596
0.353920
0.360143
0.366268
0.372295
0.378228
0.384067
0.389816
0.395475
0.401047
0.406533
0.411935
0.417255
0.422493
0.427652
0.432733
0.437738
0.442667
0.447523
0.452307
0.457019
0.461662
0.466236
0.470743
0.475184
0.479560
0.483872
0.488121
0.492309
0.496435
0.500503
0.504511
0.508462
0.512356
0.516195
0.519978
0.523708
0.527384
0.531008
0.534580
0.538102
0.541573
0.544996
0.548370
0.551696
0.554975
0.558208
0.561396
0.564538
0.567636
0.570691
0.573702
0.576671
0.579598
0.582484
0.585329
0.588134
0.590899
0.593625
0.596313
0.598962
0.601574
0.604149
0.606688
0.609190
0.611656
0.614088
0.616484
0.618847
0.621175
0.623470
0.625731
0.627960
0.630157
0.632322
0.634455
0.636557
0.638628
0.640668
0.642678
0.644659
0.646610
0.648531
0.650424
0.652288
0.654124
0.655932
0.657713
0.659466
0.661191
0.662890
0.664562
0.666208
0.667828
0.669422
0.670990
0.672533
0.674051
0.675544
0.677012
0.678456
0.679876
0.681271
0.682643
0.683991
0.685316
0.686617
0.687896
0.689151
0.690384
0.691595
0.692783
0.693948
0.695092
0.696214
0.697315
0.698393
0.699451
0.700487
0.701502
0.702496
0.703469
0.704422
0.705354
0.706266
0.707157
0.708028
0.708879
0.709711
0.710522
0.711314
0.712086
0.712838
0.713571
0.714285
0.714980
0.715655
0.716311
0.716949
0.717567
0.718167
0.718748
0.719310
0.719854
0.720379
0.720886
0.721375
0.721845
0.722297
0.722731
0.723146
0.723544
0.723923
0.724285
0.724629
0.724954
0.725262
0.725552
0.725825
0.726079
0.726316
0.726536
0.726737
0.726921
0.727088
0.727236
0.727368
0.727481
0.727578
0.727656
0.727718
0.727761
0.727787
0.727796
0.727787
0.727761
0.727718
0.727656
0.727578
0.727481
0.727368
0.727236
0.727088
0.726921
0.726737
0.726536
0.726316
0.726079
0.725825
0.725552
0.725262
0.724954
0.724629
0.724285
0.723923
0.723544
0.723146
0.722731
0.722297
0.721845
0.721375
0.720886
0.720379
0.719854
0.719310
0.718748
0.718167
0.717567
0.716949
0.716311
0.715655
0.714980
0.714285
0.713571
0.712838
0.712086
0.711314
0.710522
0.709711
0.708879
0.708028
0.707157
0.706266
0.705354
0.704422
0.703469
0.702496
0.701502
0.700487
0.699451
0.698393
0.697315
0.696214
0.695092
0.693948
0.692783
0.691595
0.690384
0.689151
0.687896
0.686617
0.685316
0.683991
0.682643
0.681271
0.679876
0.678456
0.677012
0.675544
0.674051
0.672533
0.670990
0.669422
0.667828
0.666208
0.664562
0.662890
0.661191
0.659466
0.657713
0.655932
0.654124
0.652288
0.650424
0.648531
0.646610
0.644659
0.642678
0.640668
0.638628
0.636557
0.634455
0.632322
0.630157
0.627960
0.625731
0.623470
0.621175
0.618847
0.616484
0.614088
0.611656
0.609190
0.606688
0.604149
0.601574
0.598962
0.596313
0.593625
0.590899
0.588134
0.585329
0.582484
0.579598
0.576671
0.573702
0.570691
0.567636
0.564538
0.561396
0.558208
0.554975
0.551696
0.548370
0.544996
0.541573
0.538102
0.534580
0.531008
0.527384
0.523708
0.519978
0.516195
0.512356
0.508462
0.504511
0.500503
0.496435
0.492309
0.488121
0.483872
0.479560
0.475184
0.470743
0.466236
0.461662
0.457019
0.452307
0.447523
0.442667
0.437738
0.432733
0.427652
0.422493
0.417255
0.411935
0.406533
0.401047
0.395475
0.389816
0.384067
0.378228
0.372295
0.366268
0.360143
0.353920
0.347596
0.341169
0.334636
0.327996
0.321246
0.314384
0.307407
0.300312
0.293097
0.285760
0.278297
0.270705
0.262982
0.255124
0.247128
0.238991
0.230710
0.222280
0.213699
0.204962
0.196065
0.187005
0.177777
0.168377
0.158801
0.149043
0.139099
0.128964
0.118633
0.108100
0.097360
0.086407
0.075235
0.063838
0.052208
0.040340
0.028226
0.015860
0.003232
-0.009664
-0.022837
-0.036295
-0.050048
-0.064104
-0.078475
-0.093169
-0.108198
-0.123572
-0.139304
-0.155406
-0.171890
-0.188771
-0.206061
-0.223776
-0.241931
-0.260542
-0.279627
-0.299204
-0.319291
-0.339908
-0.361076
-0.382817
-0.405155
-0.428113
-0.451719
-0.475999
-0.500983
-0.526701
-0.553186
-0.580472
-0.608596
-0.637598
-0.667518
-0.698401
-0.730294
-0.763248
-0.797315
-0.832554
-0.869027
-0.906798
-0.945939
-0.986526
-1.028641
-1.072373
-1.117816
-1.165073
-1.214256
-1.265486
-1.318895
-1.374625
-1.432831
-1.493685
-1.557373
-1.624098
-1.694086
-1.767584
-1.844864
-1.926231
-2.012019
-2.102604
-2.198401
-2.299881
-2.407568
-2.522056
-2.644017
-2.774215
-2.913521
-3.062937
-3.223613
-3.396887
-3.584313
-3.787716
-4.009249
-4.251470
-4.517444
-4.810874
-5.136278
-5.499221
-5.906644
-6.367317
-6.892473
-7.496756
-8.199605
-9.027404
-10.016883
-11.220738
-12.717372
-14.628744
-17.155495
-20.652600
-25.813109
-34.196377
-50.196946
-92.857826
-562.082150
141.742602
63.534455
41.185678
30.596676
24.417512
20.367170
17.506404
15.377633
13.731263
12.419574
11.349556
10.459726
9.707813
9.063795
8.505765
8.017359
7.586107
7.202342
6.858451
6.548357
6.267150
6.010820
5.776058
5.560112
5.360669
5.175774
5.003763
4.843208
4.692880
4.551710
4.418769
4.293239
4.174403
4.061625
3.954341
3.852047
3.754291
3.660666
3.570805
3.484374
3.401072
3.320618
3.242760
3.167260
3.093901
3.022481
2.952809
2.884706
2.818005
2.752544
2.688170
2.624737
2.562101
2.500123
2.438668
2.377600
2.316786
2.256091
2.195378
2.134511
2.073346
2.011737
1.949531
1.886567
1.822676
1.757675
1.691371
1.623554
1.553996
1.482445
1.408628
1.332238
1.252934
1.170334
1.084003
0.993450
0.898110
0.797332
0.690362
0.576316
0.454152
0.322632
0.180269
0.025267
-0.144578
-0.331990
-0.540388
-0.774119
-1.038799
-1.341822
-1.693119
-2.106360
-2.600899
-3.205077
-3.962138
-4.941511
-6.262198
-8.146648
-11.064438
-16.207504
-27.747528
-77.667097
121.876594
36.318187
22.034494
16.135416
12.903611
10.856750
9.438909
8.394615
7.590002
6.948120
6.421568
5.979528
5.601074
5.271472
4.980027
4.718763
4.481585
4.263732
4.061403
3.871499
3.691439
3.519026
3.352340
3.189664
3.029419
2.870110
2.710275
2.548445
2.383096
2.212599
2.035169
1.848792
1.651153
1.439521
1.210615
0.960414
0.683894
0.374648
0.024344
-0.378108
-0.847842
-1.406104
-2.083734
-2.927328
-4.010828
-5.459103
-7.501012
-10.606239
-15.915348
-27.103359
-66.220115
285.680477
51.057388
29.716845
21.707248
17.507062
14.918989
13.163327
11.893528
10.932085
10.178657
9.572250
9.073645
8.656481
8.302380
7.998141
7.734032
7.502724
7.298593
7.117248
6.955214
6.809703
6.678454
6.559613
6.451647
6.353276
6.263426
6.181185
6.105779
6.036543
5.972907
5.914376
5.860521
5.810968
5.765390
5.723501
5.685048
5.649810
5.617592
5.588222
5.561549
5.537439
5.515775
5.496455
5.479391
5.464503
5.451728
5.441008
5.432299
5.425563
5.420771
5.417904
