0.000000
-0.022130
-0.044378
-0.066865
-0.089710
-0.113040
-0.136982
-0.161671
-0.187247
-0.213860
-0.241667
-0.270839
-0.301558
-0.334023
-0.368450
-0.405075
-0.444160
-0.485994
-0.530899
-0.579233
-0.631403
-0.687864
-0.749133
-0.815801
-0.888545
-0.968145
-1.055503
-1.151675
-1.257895
-1.375624
-1.506600
-1.652905
-1.817061
-2.002145
-2.211956
-2.451236
-2.725980
-3.043879
-3.414966
-3.852572
-4.374803
-5.006881
-5.785012
-6.763091
-8.024978
-9.708682
-12.058414
-15.551041
-21.259605
-32.208294
-61.502228
-384.351014
100.084345
46.334243
31.028709
23.818956
19.646997
16.943239
15.061507
13.687116
12.648542
11.844388
11.210938
10.706199
10.301435
9.976376
9.716381
9.510670
9.351202
9.231926
9.148280
9.096845
9.075105
9.081280
9.114210
9.173280
9.258371
9.369841
9.508528
9.675768
9.873447
10.104073
10.370882
10.677985
11.030577
11.435214
11.900203
12.436151
13.056738
13.779849
14.629252
15.637162
16.848284
18.326451
20.165988
22.512303
25.601791
29.846053
36.030991
45.867230
63.916600
107.774991
370.997958
-243.229789
-89.685470
-54.258359
-38.516370
-29.620572
-23.902728
-19.917793
-16.981289
-14.727112
-12.941709
-11.492121
-10.291241
-9.279620
-8.415296
-7.667805
-7.014495
-6.438175
-5.925556
-5.466212
-5.051838
-4.675743
-4.332472
-4.017534
-3.727196
-3.458329
-3.208288
-2.974826
-2.756013
-2.550189
-2.355912
-2.171922
-1.997117
-1.830523
-1.671277
-1.518608
-1.371827
-1.230314
-1.093506
-0.960892
-0.832005
-0.706415
-0.583723
-0.463561
-0.345581
-0.229459
-0.114884
-0.001562
0.110791
0.222448
0.333679
0.444746
0.555909
0.667428
0.779566
0.892586
1.006761
1.122367
1.239694
1.359042
1.480728
1.605086
1.732472
1.863266
1.997879
2.136754
2.280373
2.429266
2.584011
2.745252
2.913699
3.090148
3.275490
3.470728
3.677000
3.895600
4.128010
4.375937
4.641355
4.926567
5.234273
5.567665
5.930542
6.327466
6.763964
7.246803
7.784353
8.387099
9.068355
9.845290
10.740432
11.783941
13.017141
14.498221
16.311808
18.585926
21.523897
25.469262
31.051832
39.564371
54.146432
84.914339
192.565982
-776.158408
-130.319345
-71.594576
-49.564658
-38.019133
-30.909430
-26.089277
-22.604775
-19.967335
-17.900800
-16.237304
-14.868934
-13.723156
-12.749415
-11.911396
-11.182338
-10.542089
-9.975181
-9.469545
-9.015627
-8.605763
-8.233734
-7.894443
-7.583670
-7.297892
-7.034144
-6.789916
-6.563064
-6.351750
-6.154386
-5.969593
-5.796172
-5.633070
-5.479362
-5.334229
-5.196947
-5.066870
-4.943425
-4.826093
-4.714413
-4.607967
-4.506379
-4.409306
-4.316440
-4.227498
-4.142223
-4.060381
-3.981757
-3.906152
-3.833387
-3.763293
-3.695718
-3.630517
-3.567561
-3.506727
-3.447902
-3.390980
-3.335864
-3.282463
-3.230691
-3.180468
-3.131721
-3.084380
-3.038380
-2.993659
-2.950159
-2.907828
-2.866613
-2.826468
-2.787346
-2.749205
-2.712006
-2.675709
-2.640278
-2.605681
-2.571883
-2.538856
-2.506568
-2.474994
-2.444107
-2.413881
-2.384294
-2.355322
-2.326943
-2.299138
-2.271887
-2.245171
-2.218972
-2.193274
-2.168059
-2.143313
-2.119020
-2.095166
-2.071737
-2.048721
-2.026104
-2.003875
-1.982022
-1.960534
-1.939400
-1.918610
-1.898155
-1.878023
-1.858208
-1.838699
-1.819488
-1.800567
-1.781929
-1.763565
-1.745469
-1.727632
-1.710050
-1.692714
-1.675618
-1.658758
-1.642125
-1.625716
-1.609523
-1.593543
-1.577770
-1.562198
-1.546823
-1.531640
-1.516645
-1.501833
-1.487200
-1.472742
-1.458455
-1.444334
-1.430377
-1.416579
-1.402938
-1.389448
-1.376108
-1.362914
-1.349862
-1.336950
-1.324174
-1.311532
-1.299021
-1.286638
-1.274381
-1.262246
-1.250232
-1.238335
-1.226554
-1.214886
-1.203329
-1.191881
-1.180538
-1.169301
-1.158165
-1.147130
-1.136193
-1.125352
-1.114606
-1.103952
-1.093389
-1.082916
-1.072530
-1.062230
-1.052014
-1.041881
-1.031829
-1.021857
-1.011962
-1.002145
-0.992403
-0.982734
-0.973138
-0.963614
-0.954160
-0.944774
-0.935456
-0.926204
-0.917017
-0.907894
-0.898834
-0.889836
-0.880898
-0.872020
-0.863200
-0.854438
-0.845733
-0.837083
-0.828487
-0.819946
-0.811457
-0.803019
-0.794633
-0.786297
-0.778009
-0.769771
-0.761579
-0.753435
-0.745336
-0.737283
-0.729273
-0.721308
-0.713385
-0.705505
-0.697665
-0.689867
-0.682109
-0.674390
-0.666709
-0.659067
-0.651462
-0.643894
-0.636362
-0.628866
-0.621404
-0.613977
-0.606584
-0.599223
-0.591895
-0.584600
-0.577336
-0.570102
-0.562899
-0.555727
-0.548583
-0.541468
-0.534382
-0.527323
-0.520292
-0.513288
-0.506310
-0.499358
-0.492432
-0.485530
-0.478653
-0.471801
-0.464972
-0.458166
-0.451383
-0.444622
-0.437884
-0.431167
-0.424471
-0.417796
-0.411141
-0.404506
-0.397891
-0.391295
-0.384718
-0.378159
-0.371619
-0.365096
-0.358590
-0.352102
-0.345630
-0.339174
-0.332735
-0.326311
-0.319902
-0.313508
-0.307128
-0.300763
-0.294412
-0.288074
-0.281750
-0.275438
-0.269139
-0.262853
-0.256578
-0.250315
-0.244063
-0.237823
-0.231593
-0.225374
-0.219164
-0.212965
-0.206775
-0.200595
-0.194423
-0.188260
-0.182106
-0.175960
-0.169821
-0.163690
-0.157566
-0.151450
-0.145340
-0.139236
-0.133139
-0.127047
-0.120961
-0.114880
-0.108805
-0.102734
-0.096667
-0.090605
-0.084547
-0.078492
-0.072441
-0.066393
-0.060349
-0.054306
-0.048266
-0.042228
-0.036192
-0.030158
-0.024125
-0.018093
-0.012061
-0.006031
0.000000
0.006031
0.012061
0.018093
0.024125
0.030158
0.036192
0.042228
0.048266
0.054306
0.060349
0.066393
0.072441
0.078492
0.084547
0.090605
0.096667
0.102734
0.108805
0.114880
0.120961
0.127047
0.133139
0.139236
0.145340
0.151450
0.157566
0.163690
0.169821
0.175960
0.182106
0.188260
0.194423
0.200595
0.206775
0.212965
0.219164
0.225374
0.231593
0.237823
0.244063
0.250315
0.256578
0.262853
0.269139
0.275438
0.281750
0.288074
0.294412
0.300763
0.307128
0.313508
0.319902
0.326311
0.332735
0.339174
0.345630
0.352102
0.358590
0.365096
0.371619
0.378159
0.384718
0.391295
0.397891
0.404506
0.411141
0.417796
0.424471
0.431167
0.437884
0.444622
0.451383
0.458166
0.464972
0.471801
0.478653
0.485530
0.492432
0.499358
0.506310
0.513288
0.520292
0.527323
0.534382
0.541468
0.548583
0.555727
0.562899
0.570102
0.577336
0.584600
0.591895
0.599223
0.606584
0.613977
0.621404
0.628866
0.636362
0.643894
0.651462
0.659067
0.666709
0.674390
0.682109
0.689867
0.697665
0.705505
0.713385
0.721308
0.729273
0.737283
0.745336
0.753435
0.761579
0.769771
0.778009
0.786297
0.794633
0.803019
0.811457
0.819946
0.828487
0.837083
0.845733
0.854438
0.863200
0.872020
0.880898
0.889836
0.898834
0.907894
0.917017
0.926204
0.935456
0.944774
0.954160
0.963614
0.973138
0.982734
0.992403
1.002145
1.011962
1.021857
1.031829
1.041881
1.052014
1.062230
1.072530
1.082916
1.093389
1.103952
1.114606
1.125352
1.136193
1.147130
1.158165
1.169301
1.180538
1.191881
1.203329
1.214886
1.226554
1.238335
1.250232
1.262246
1.274381
1.286638
1.299021
1.311532
1.324174
1.336950
1.349862
1.362914
1.376108
1.389448
1.402938
1.416579
1.430377
1.444334
1.458455
1.472742
1.487200
1.501833
1.516645
1.531640
1.546823
1.562198
1.577770
1.593543
1.609523
1.625716
1.642125
1.658758
1.675618
1.692714
1.710050
1.727632
1.745469
1.763565
1.781929
1.800567
1.819488
1.838699
1.858208
1.878023
1.898155
1.918610
1.939400
1.960534
1.982022
2.003875
2.026104
2.048721
2.071737
2.095166
2.119020
2.143313
2.168059
2.193274
2.218972
2.245171
2.271887
2.299138
2.326943
2.355322
2.384294
2.413881
2.444107
2.474994
2.506568
2.538856
2.571883
2.605681
2.640278
2.675709
2.712006
2.749205
2.787346
2.826468
2.866613
2.907828
2.950159
2.993659
3.038380
3.084380
3.131721
3.180468
3.230691
3.282463
3.335864
3.390980
3.447902
3.506727
3.567561
3.630517
3.695718
3.763293
3.833387
3.906152
3.981757
4.060381
4.142223
4.227498
4.316440
4.409306
4.506379
4.607967
4.714413
4.826093
4.943425
5.066870
5.196947
5.334229
5.479362
5.633070
5.796172
5.969593
6.154386
6.351750
6.563064
6.789916
7.034144
7.297892
7.583670
7.894443
8.233734
8.605763
9.015627
9.469545
9.975181
10.542089
11.182338
11.911396
12.749415
13.723156
14.868934
16.237304
17.900800
19.967335
22.604775
26.089277
30.909430
38.019133
49.564658
71.594576
130.319345
776.158408
-192.565982
-84.914339
-54.146432
-39.564371
-31.051832
-25.469262
-21.523897
-18.585926
-16.311808
-14.498221
-13.017141
-11.783941
-10.740432
-9.845290
-9.068355
-8.387099
-7.784353
-7.246803
-6.763964
-6.327466
-5.930542
-5.567665
-5.234273
-4.926567
-4.641355
-4.375937
-4.128010
-3.895600
-3.677000
-3.470728
-3.275490
-3.090148
-2.913699
-2.745252
-2.584011
-2.429266
-2.280373
-2.136754
-1.997879
-1.863266
-1.732472
-1.605086
-1.480728
-1.359042
-1.239694
-1.122367
-1.006761
-0.892586
-0.779566
-0.667428
-0.555909
-0.444746
-0.333679
-0.222448
-0.110791
0.001562
0.114884
0.229459
0.345581
0.463561
0.583723
0.706415
0.832005
0.960892
1.093506
1.230314
1.371827
1.518608
1.671277
1.830523
1.997117
2.171922
2.355912
2.550189
2.756013
2.974826
3.208288
3.458329
3.727196
4.017534
4.332472
4.675743
5.051838
5.466212
5.925556
6.438175
7.014495
7.667805
8.415296
9.279620
10.291241
11.492121
12.941709
14.727112
16.981289
19.917793
23.902728
29.620572
38.516370
54.258359
89.685470
243.229789
-370.997958
-107.774991
-63.916600
-45.867230
-36.030991
-29.846053
-25.601791
-22.512303
-20.165988
-18.326451
-16.848284
-15.637162
-14.629252
-13.779849
-13.056738
-12.436151
-11.900203
-11.435214
-11.030577
-10.677985
-10.370882
-10.104073
-9.873447
-9.675768
-9.508528
-9.369841
-9.258371
-9.173280
-9.114210
-9.081280
-9.075105
-9.096845
-9.148280
-9.231926
-9.351202
-9.510670
-9.716381
-9.976376
-10.301435
-10.706199
-11.210938
-11.844388
-12.648542
-13.687116
-15.061507
-16.943239
-19.646997
-23.818956
-31.028709
-46.334243
-100.084345
384.351014
61.502228
32.208294
21.259605
15.551041
12.058414
9.708682
8.024978
6.763091
5.785012
5.006881
4.374803
3.852572
3.414966
3.043879
2.725980
2.451236
2.211956
2.002145
1.817061
1.652905
1.506600
1.375624
1.257895
1.151675
1.055503
0.968145
0.888545
0.815801
0.749133
0.687864
0.631403
0.579233
0.530899
0.485994
0.444160
0.405075
0.368450
0.334023
0.301558
0.270839
0.241667
0.213860
0.187247
0.161671
0.136982
0.113040
0.089710
0.066865
0.044378
0.022130
