0.000000
45.477238
-25.536110
-33.772427
-36.880817
13.615627
-5.321276
38.219940
20.841412
-53.378922
7.368025
-64.038712
8.909671
-44.066990
57.540817
-74.999252
20.972424
-57.100601
72.849548
-70.370293
-23.430336
7.571589
7.666845
-31.179295
-43.154007
54.287148
9.394175
-20.978260
-70.291267
69.135956
9.681047
-47.538788
-112.210480
56.343391
-84.812347
-0.350196
-61.734013
32.852177
-43.746269
-31.753704
-58.431797
34.333054
-48.560158
-99.233368
34.479927
19.148962
36.163517
-4.740761
-32.181595
-18.168983
-33.272591
-196.829208
64.466133
57.884918
44.482117
-20.533083
-13.082325
18.122519
-6.784626
23.767185
63.586090
36.342842
36.882828
-21.419483
5.797184
-13.876035
-37.142780
-52.696922
-64.604126
-61.086563
-21.531612
-5.220607
-11.235500
10.143800
28.190266
-3.214967
57.054527
-18.234327
-78.242126
-45.363098
26.076160
67.589973
-18.808237
-17.035036
11.734497
-23.290731
-67.259789
7.566109
19.602371
2.142590
-84.529015
-27.140575
22.537640
-94.169373
-59.523254
-11.024490
-62.077251
16.833336
-33.717636
-80.591324
-36.768364
-124.904739
117.524490
30.996376
8.472242
-25.723228
14.361193
-3.798051
-19.235111
5.393929
90.650734
-22.983435
-7.000364
-15.650751
-31.328478
-34.231781
1.216134
-18.053097
14.166584
-59.628708
11.357575
30.885771
128.015503
-400.649658
-47.060829
-45.663269
-1.365427
-31.510151
51.751232
-47.904900
-6.400585
-37.226746
44.074089
30.179409
48.157116
42.624157
-25.801201
-31.080641
-7.497271
43.423702
6.012753
100.920425
31.131424
3.422920
-17.775230
51.796593
21.134678
-92.172691
1.597130
0.076838
25.309170
90.724297
-91.646088
21.148865
-36.309273
59.564278
21.747997
1.043217
-46.322369
98.349045
-3.652020
18.995045
36.090118
132.682770
10.104947
-0.546355
0.410698
-45.175472
-20.322186
9.846920
33.764732
46.823540
64.030220
78.439529
-16.637316
5.369778
60.585361
6.528770
61.856991
-5.986656
94.998589
-27.239887
-94.221123
4.054741
-29.154308
3.991264
-18.821928
13.877289
1.667374
56.364807
27.128901
-98.292755
-12.555027
-40.519325
96.351517
-31.467890
15.646313
-41.820774
-5.493572
-53.995033
-11.087250
-48.125336
30.199841
29.214363
-14.579264
16.801323
42.783447
-34.788654
8.011135
-16.026602
23.725433
-23.805695
-6.055208
54.681301
76.143776
-28.787165
-126.833557
-75.010521
28.636900
-14.682920
-41.650654
18.369780
-61.509743
-16.194824
54.946136
10.411930
12.868675
-87.662514
-5.523296
-74.479462
-71.054855
62.258942
-2.379770
14.961456
40.704357
-7.530764
-55.323555
-16.756807
-41.252907
-113.364563
70.244461
-42.275593
12.001312
24.546776
-22.169346
-23.655842
-19.279362
15.521078
22.390703
-60.238869
-17.374453
-57.864311
-14.402083
-61.620178
3.075702
13.804428
-54.061493
119.811661
-12.317134
79.086060
-38.804146
-49.136841
-74.015427
48.054821
71.526169
55.068733
-4.954218
-75.530350
-56.970818
-38.608040
-22.882830
31.218624
-5.382401
21.727993
-14.576373
-26.239632
30.660448
65.681656
63.080132
61.387177
-27.518703
-0.166111
-33.939575
-29.592899
84.369598
35.700180
57.165756
25.863873
-11.904608
-17.127600
-13.615328
5.351807
82.100830
0.873799
38.453033
-49.350208
28.515282
-9.182871
-63.836887
151.496185
47.204498
25.411079
-22.834044
64.554184
78.593292
-45.075348
-16.797024
-53.558281
-65.919815
-3.057543
61.941673
3.965008
-41.064018
-51.095013
-39.257294
-52.060139
-74.479584
1.362595
-66.897209
50.225643
-99.635117
-45.780857
-82.333496
11.247995
-101.473274
37.842728
46.196152
39.325302
14.926857
52.572273
38.364475
43.880260
91.722916
-18.789068
47.183510
-55.863060
-8.878677
17.717247
51.651382
10.532959
-7.597210
-47.975372
4.396914
16.621883
10.041714
4.635511
3.942240
-23.259039
38.824474
-61.744762
3.993420
11.225899
-22.446743
-9.327637
-18.801998
35.278793
26.827433
-83.004768
0.439232
-32.638809
17.481087
-71.965271
-42.344818
-35.945229
3.554880
66.159126
-11.616551
-23.953434
-23.102703
-43.736412
27.685894
-60.368587
-17.693104
-43.062244
-0.307931
-63.896786
33.987339
-89.662704
79.967964
-21.337091
-8.591011
-47.369907
-28.210403
-29.813929
26.962246
13.606050
-20.110569
15.206760
99.447433
38.721451
53.147274
-48.624020
-12.141367
61.214348
46.031021
49.676727
-14.830258
49.590042
9.438818
-29.676987
-14.056168
18.438272
-43.339935
78.652008
50.974239
23.186501
-16.593361
3.066758
-40.206383
-33.703323
67.459381
53.100842
-97.154495
-24.172100
32.296135
79.240776
6.257984
-17.164398
-33.522385
-34.173630
-21.332481
-22.087282
-27.696217
-68.977325
8.364686
-75.020065
-74.925110
33.922264
-18.620058
-63.802700
-28.213531
80.565948
69.461945
-14.318975
-10.352787
-65.152901
12.051559
-2.682777
-37.314926
-36.950878
-93.849380
19.802214
20.717707
-32.620392
105.038208
-66.702759
-61.864323
-7.272656
61.564495
-62.427658
66.580902
27.991352
-4.400898
-20.267021
-55.169346
-23.369093
-47.279381
-61.370422
19.847889
-40.980347
-34.131493
5.495827
85.997864
90.778038
-8.484996
-35.914227
-2.695890
57.134434
0.396332
-17.696068
-1.219910
-52.791668
44.022324
-47.934856
45.963509
17.731976
-47.014034
-24.670198
33.449379
27.460402
-13.549026
69.010979
-27.505882
-51.627235
1.447811
-4.788561
46.994884
22.435604
68.487885
-48.949478
-6.713148
4.886903
-3.410328
9.469481
-14.026638
-73.695816
-86.903061
58.812431
-1.830322
-52.571663
-34.295612
32.696758
21.082813
-23.653990
-14.371498
23.062069
-3.883948
-10.547810
-24.673702
17.917376
29.858444
0.146267
0.000000
-0.146240
-29.858425
-17.917358
24.673695
10.547794
3.883959
-23.062078
14.371480
23.653982
-21.082802
-32.696808
34.295624
52.571659
1.830320
-58.812439
86.903061
73.695801
14.026632
-9.469503
3.410340
-4.886950
6.713132
48.949482
-68.487862
-22.435593
-46.994865
4.788526
-1.447800
51.627243
27.505880
-69.010994
13.549046
-27.460409
-33.449368
24.670197
47.014050
-17.731968
-45.963509
47.934879
-44.022297
52.791641
1.219896
17.696060
-0.396322
-57.134438
2.695881
35.914192
8.484999
-90.778030
-85.997856
-5.495880
34.131485
40.980324
-19.847918
61.370377
47.279381
23.369089
55.169369
20.267048
4.400911
-27.991339
-66.580879
62.427654
-61.564495
7.272641
61.864300
66.702744
-105.038193
32.620438
-20.717731
-19.802212
93.849365
36.950874
37.314922
2.682809
-12.051575
65.152832
10.352764
14.318953
-69.461929
-80.565971
28.213537
63.802711
18.620052
-33.922272
74.925117
75.020042
-8.364686
68.977310
27.696249
22.087276
21.332462
34.173645
33.522392
17.164412
-6.257984
-79.240761
-32.296143
24.172108
97.154488
-53.100803
-67.459366
33.703331
40.206375
-3.066772
16.593344
-23.186493
-50.974224
-78.651993
43.339928
-18.438257
14.056150
29.676935
-9.438826
-49.590012
14.830277
-49.676739
-46.031033
-61.214394
12.141364
48.624008
-53.147278
-38.721497
-99.447441
-15.206781
20.110592
-13.606087
-26.962246
29.813942
28.210400
47.369888
8.591017
21.337055
-79.967941
89.662674
-33.987320
63.896774
0.307926
43.062244
17.693098
60.368607
-27.685886
43.736450
23.102699
23.953468
11.616531
-66.159096
-3.554897
35.945213
42.344807
71.965279
-17.481079
32.638786
-0.439241
83.004738
-26.827431
-35.278812
18.802021
9.327648
22.446747
-11.225874
-3.993387
61.744751
-38.824459
23.259041
-3.942276
-4.635513
-10.041713
-16.621929
-4.396906
47.975372
7.597221
-10.532963
-51.651398
-17.717213
8.878689
55.863083
-47.183506
18.789074
-91.722908
-43.880306
-38.364464
-52.572296
-14.926842
-39.325302
-46.196167
-37.842728
101.473282
-11.248011
82.333496
45.780872
99.635117
-50.225670
66.897186
-1.362570
74.479568
52.060123
39.257290
51.095032
41.064037
-3.965027
-61.941677
3.057569
65.919830
53.558289
16.797003
45.075405
-78.593277
-64.554184
22.834061
-25.411095
-47.204491
-151.496185
63.836876
9.182890
-28.515285
49.350204
-38.453041
-0.873806
-82.100845
-5.351812
13.615339
17.127636
11.904615
-25.863873
-57.165802
-35.700165
-84.369614
29.592867
33.939529
0.166138
27.518705
-61.387161
-63.080128
-65.681671
-30.660484
26.239649
14.576418
-21.728001
5.382401
-31.218609
22.882843
38.608032
56.970814
75.530380
4.954244
-55.068710
-71.526176
-48.054817
74.015419
49.136780
38.804153
-79.086090
12.317155
-119.811691
54.061493
-13.804474
-3.075715
61.620197
14.402072
57.864334
17.374454
60.238850
-22.390697
-15.521086
19.279360
23.655869
22.169344
-24.546778
-12.001329
42.275600
-70.244461
113.364548
41.252899
16.756805
55.323563
7.530790
-40.704369
-14.961456
2.379749
-62.258930
71.054886
74.479477
5.523308
87.662521
-12.868668
-10.411930
-54.946144
16.194777
61.509766
-18.369774
41.650658
14.682966
-28.636889
75.010513
126.833534
28.787149
-76.143753
-54.681320
6.055223
23.805698
-23.725420
16.026615
-8.011143
34.788635
-42.783417
-16.801355
14.579266
-29.214346
-30.199827
48.125374
11.087248
53.995037
5.493584
41.820751
-15.646334
31.467884
-96.351540
40.519344
12.555035
98.292770
-27.128910
-56.364792
-1.667366
-13.877293
18.821932
-3.991255
29.154289
-4.054705
94.221100
27.239887
-94.998596
5.986666
-61.857018
-6.528795
-60.585381
-5.369811
16.637299
-78.439514
-64.030212
-46.823547
-33.764713
-9.846905
20.322151
45.175484
-0.410673
0.546389
-10.104946
-132.682785
-36.090164
-18.995035
3.652005
-98.349045
46.322369
-1.043215
-21.748011
-59.564308
36.309280
-21.148859
91.646095
-90.724304
-25.309189
-0.076838
-1.597136
92.172691
-21.134670
-51.796574
17.775234
-3.422907
-31.131428
-100.920395
-6.012754
-43.423725
7.497277
31.080647
25.801220
-42.624161
-48.157127
-30.179403
-44.074081
37.226727
6.400573
47.904922
-51.751232
31.510160
1.365437
45.663258
47.060833
400.649719
-128.015503
-30.885761
-11.357555
59.628731
-14.166550
18.053099
-1.216138
34.231796
31.328493
15.650754
7.000374
22.983446
-90.650742
-5.393917
19.235126
3.798061
-14.361233
25.723206
-8.472237
-30.996368
-117.524490
124.904724
36.768337
80.591339
33.717659
-16.833336
62.077251
11.024475
59.523239
94.169357
-22.537605
27.140585
84.528976
-2.142578
-19.602383
-7.566071
67.259811
23.290728
-11.734499
17.035023
18.808231
-67.589966
-26.076166
45.363075
78.242126
18.234385
-57.054535
3.214999
-28.190277
-10.143809
11.235500
5.220631
21.531622
61.086578
64.604095
52.696884
37.142818
13.876046
-5.797184
21.419479
-36.882809
-36.342823
-63.586071
-23.767197
6.784634
-18.122515
13.082315
20.533081
-44.482128
-57.884903
-64.466133
196.829132
33.272587
18.168991
32.181580
4.740758
-36.163506
-19.148937
-34.479935
99.233368
48.560173
-34.333042
58.431839
31.753674
43.746284
-32.852184
61.734020
0.350206
84.812355
-56.343376
112.210480
47.538803
-9.681031
-69.135956
70.291260
20.978254
-9.394192
-54.287144
43.153996
31.179276
-7.666829
-7.571622
23.430328
70.370293
-72.849579
57.100590
-20.972431
74.999260
-57.540840
44.066971
-8.909672
64.038742
-7.368041
53.378937
-20.841412
-38.219948
5.321277
-13.615601
36.880814
33.772453
25.536114
-45.477226
