848.532349
-37.158241
-2.711866
-27.588493
29.470846
-22.660114
-20.512186
41.950218
7.644621
46.791039
28.529568
-19.685421
-37.856403
59.179199
80.602127
-11.072571
41.270271
-26.724640
76.638474
29.178938
14.125416
92.525444
-40.278664
36.478256
81.456062
-47.377853
28.141047
26.040386
7.592678
24.684946
-1.190166
-97.914627
59.555321
-42.545982
49.945618
12.636902
-32.504162
50.037582
-69.900436
54.249962
-75.053970
12.849701
-59.281727
14.030933
-17.819700
-31.903311
11.488586
2.136242
71.324669
12.117455
23.948799
205.039444
-17.152906
-2.773227
44.878399
50.154850
23.343615
-13.107348
-58.196907
19.520061
-11.779026
-40.470707
-17.610161
-8.614129
-42.296104
-15.254349
-78.191299
97.778831
30.206924
34.336151
-5.500190
-71.018509
-26.231073
10.112028
12.757599
-37.482296
-3.532005
-80.670174
-14.065912
33.603344
-15.938499
-20.705402
42.663258
-24.613874
-12.550093
34.334171
-42.277832
-61.165436
60.500343
-22.803860
74.622665
22.143188
-88.711578
18.129196
-4.782467
-0.925767
-6.557616
10.682736
-50.787399
-26.614380
29.782475
32.298676
-30.001308
-25.747124
-11.606301
52.431557
92.636047
5.591931
-27.487228
-86.652924
22.553595
-17.761349
-34.667507
-2.237831
-27.287838
-0.153540
19.032032
-25.327087
-76.151611
-43.797203
-54.094955
23.674692
-19.201853
-134.488403
-23.251816
-59.344692
-0.972401
-33.430527
-0.127407
-31.219872
20.715158
-0.087553
-77.709579
-32.848721
21.518242
6.660706
-50.512135
-21.499926
-30.140285
-35.499828
24.963017
-41.372719
38.793606
-30.955605
13.361872
-48.065689
-10.830694
-30.338377
18.756390
3.920811
45.622810
29.015364
23.155846
-4.248962
-15.923752
5.822302
38.305023
0.863405
-6.056348
2.933851
61.719124
-6.169668
82.197899
6.583808
-23.451897
-35.180256
-67.761391
-16.767426
78.974762
-7.135727
-48.704781
-18.579973
-9.123118
14.511827
56.668583
66.580482
20.086119
75.832184
26.809229
-17.567778
36.974476
27.404793
42.708858
-71.913834
57.014278
23.317930
-47.173820
-0.188029
-6.303628
17.648775
35.862442
-69.557587
12.725674
-26.605724
52.322029
-20.503368
35.882088
41.578499
-103.239471
-39.371441
1.567282
-102.212791
-42.497635
-53.232750
-29.021263
62.507729
-17.797131
26.387009
34.968475
1.732570
-21.456633
-14.956000
-35.753540
4.705614
-112.448181
21.548859
14.637650
10.387321
-22.387245
-87.342453
-36.854382
-30.829964
-35.331715
60.893929
90.139374
-38.986748
45.004589
-2.604326
-49.447662
-22.272596
-15.945139
-38.013260
51.460403
7.698802
28.152672
-47.720016
11.595013
10.165798
15.340641
-25.400129
66.522530
-9.377827
73.611267
-14.202048
8.771389
-64.745712
7.605017
-46.013062
-11.136334
3.878200
-8.206593
7.264153
-29.721054
-80.034431
40.649277
100.246872
109.670715
17.598415
-56.068878
69.198906
-41.857170
56.908401
42.341011
-31.583355
0.073383
-87.822563
-59.457623
-63.123589
-40.887840
-16.313408
-20.049633
-53.885826
24.650509
39.696674
-91.473839
-48.401787
99.099937
19.388794
-46.235428
-0.442474
-18.977423
-50.018177
58.693443
5.568306
62.842278
-36.878353
121.841408
-0.747808
-47.737396
-58.553928
-19.696314
-20.715061
24.109974
6.799583
42.915794
-6.465487
-17.131577
-19.931095
10.771137
9.229561
-28.998636
38.396362
-12.893730
-30.216984
-62.850971
-69.723991
104.018829
25.919262
-37.519951
-54.320660
27.794241
42.003017
-45.415794
-0.889971
-12.812256
11.314404
19.206661
-65.176147
48.431259
50.374092
59.928802
-59.586788
-26.446880
44.421143
-6.428617
-18.506222
132.229950
1.131338
-67.805168
36.597923
-35.481770
117.353455
-18.676382
-19.231304
-15.447287
-17.154303
-21.646526
-38.846466
31.679192
10.355244
-28.166649
9.516604
30.430592
111.578049
-41.410534
15.064137
122.734055
-18.795345
-97.241234
11.972506
-54.843231
-49.451904
-11.707926
22.306824
-5.929807
47.477367
-53.426247
51.199677
20.156178
74.281982
-4.660185
6.696961
45.278194
32.494408
65.316162
-58.878822
52.284538
-59.643452
66.619812
-84.195366
4.043163
-20.887211
21.573887
-39.951412
21.250076
-3.756975
-82.602623
42.766193
-61.596458
21.754702
-16.711143
61.313339
12.657637
-28.492323
63.573818
63.588043
-64.156006
-14.724903
-0.031677
23.700047
0.482487
-1.083375
6.646597
64.924164
20.979313
-35.761459
-70.456276
-53.049294
17.418041
72.683487
68.012047
-38.440365
52.949211
-129.472427
-24.295313
-0.769976
63.930054
12.995787
22.593102
2.419997
-17.189764
-89.907074
66.202881
5.446754
46.939991
3.935873
5.237219
-17.005238
12.900855
-12.177136
64.977554
10.140933
-67.418549
2.209623
-7.289013
58.198425
1.328175
37.220020
9.606021
-32.907265
-12.440681
9.716303
-52.811996
36.594086
31.431946
62.859772
114.561569
-48.204327
1.796520
28.215450
63.152901
-2.574211
15.501377
-71.973999
-55.606827
54.648129
20.449070
11.618183
-9.744474
14.813944
-23.952911
-16.404072
-82.584106
-59.190155
-106.654213
-14.749134
-8.402198
79.532692
65.815346
17.088356
16.831375
79.809479
13.911384
-1.878798
52.894222
67.992363
64.199036
11.973693
-27.609398
-3.115539
11.171982
83.485657
-45.275490
-92.488602
-62.961365
-28.743399
-40.361946
-14.761997
9.246208
6.717651
-89.561111
0.579388
34.074337
-34.882038
-64.170013
29.539495
-58.253792
-26.469471
-89.883362
-18.326284
35.641636
91.763657
-32.877228
44.050476
11.737144
51.730507
-54.389465
0.646779
19.700775
-18.653759
-92.294357
64.588669
-10.258265
24.010353
32.199471
3.908329
-10.701529
9.376558
-26.278194
-98.627296
-58.656929
-72.082428
-33.884491
-72.082420
-58.656929
-98.627312
-26.278185
9.376580
-10.701532
3.908304
32.199463
24.010340
-10.258271
64.588654
-92.294357
-18.653740
19.700762
0.646762
-54.389450
51.730522
11.737148
44.050468
-32.877239
91.763680
35.641632
-18.326269
-89.883354
-26.469490
-58.253822
29.539505
-64.170013
-34.882019
34.074337
0.579372
-89.561119
6.717628
9.246204
-14.761980
-40.361927
-28.743393
-62.961380
-92.488594
-45.275513
83.485649
11.171986
-3.115513
-27.609407
11.973669
64.199051
67.992386
52.894218
-1.878839
13.911353
79.809494
16.831385
17.088394
65.815346
79.532745
-8.402182
-14.749116
-106.654198
-59.190151
-82.584106
-16.404079
-23.952919
14.813975
-9.744490
11.618183
20.449089
54.648155
-55.606873
-71.973984
15.501376
-2.574219
63.152924
28.215467
1.796518
-48.204327
114.561562
62.859795
31.431959
36.594105
-52.812012
9.716278
-12.440673
-32.907242
9.606020
37.220020
1.328192
58.198471
-7.289024
2.209636
-67.418549
10.140958
64.977570
-12.177112
12.900864
-17.005219
5.237216
3.935853
46.939980
5.446777
66.202911
-89.907097
-17.189793
2.420013
22.593105
12.995781
63.930054
-0.769973
-24.295330
-129.472458
52.949226
-38.440384
68.012039
72.683495
17.418041
-53.049294
-70.456284
-35.761486
20.979298
64.924156
6.646605
-1.083340
0.482466
23.700035
-0.031689
-14.724903
-64.156006
63.588058
63.573818
-28.492306
12.657629
61.313347
-16.711134
21.754704
-61.596489
42.766243
-82.602615
-3.756922
21.250076
-39.951389
21.573887
-20.887201
4.043148
-84.195343
66.619804
-59.643433
52.284546
-58.878853
65.316177
32.494411
45.278206
6.696962
-4.660186
74.281982
20.156170
51.199707
-53.426247
47.477348
-5.929807
22.306833
-11.707926
-49.451912
-54.843239
11.972507
-97.241249
-18.795326
122.734062
15.064142
-41.410549
111.578033
30.430601
9.516638
-28.166645
10.355238
31.679173
-38.846466
-21.646528
-17.154263
-15.447306
-19.231298
-18.676395
117.353447
-35.481770
36.597927
-67.805176
1.131327
132.229950
-18.506226
-6.428594
44.421135
-26.446846
-59.586758
59.928806
50.374058
48.431267
-65.176147
19.206673
11.314438
-12.812241
-0.889942
-45.415787
42.003044
27.794233
-54.320648
-37.519920
25.919281
104.018829
-69.723984
-62.850990
-30.216999
-12.893721
38.396351
-28.998657
9.229521
10.771160
-19.931091
-17.131592
-6.465458
42.915794
6.799587
24.109962
-20.715057
-19.696299
-58.553925
-47.737411
-0.747820
121.841385
-36.878365
62.842255
5.568338
58.693459
-50.018188
-18.977417
-0.442488
-46.235435
19.388763
99.099930
-48.401775
-91.473831
39.696674
24.650518
-53.885826
-20.049612
-16.313389
-40.887825
-63.123547
-59.457611
-87.822586
0.073363
-31.583378
42.341042
56.908424
-41.857162
69.198891
-56.068886
17.598358
109.670715
100.246857
40.649269
-80.034401
-29.721046
7.264183
-8.206579
3.878232
-11.136351
-46.013054
7.605030
-64.745682
8.771385
-14.202065
73.611267
-9.377827
66.522522
-25.400089
15.340645
10.165802
11.595047
-47.720009
28.152664
7.698787
51.460403
-38.013294
-15.945101
-22.272556
-49.447670
-2.604309
45.004585
-38.986755
90.139359
60.893925
-35.331669
-30.829960
-36.854366
-87.342445
-22.387247
10.387353
14.637687
21.548870
-112.448212
4.705589
-35.753529
-14.955986
-21.456642
1.732585
34.968464
26.387032
-17.797150
62.507725
-29.021265
-53.232761
-42.497643
-102.212769
1.567297
-39.371407
-103.239464
41.578518
35.882076
-20.503357
52.321991
-26.605721
12.725677
-69.557526
35.862438
17.648758
-6.303624
-0.188029
-47.173798
23.317915
57.014282
-71.913841
42.708881
27.404816
36.974457
-17.567795
26.809202
75.832199
20.086109
66.580475
56.668571
14.511803
-9.123136
-18.579998
-48.704784
-7.135731
78.974777
-16.767403
-67.761398
-35.180244
-23.451889
6.583782
82.197891
-6.169680
61.719124
2.933829
-6.056327
0.863407
38.305023
5.822289
-15.923745
-4.248966
23.155869
29.015331
45.622807
3.920828
18.756378
-30.338326
-10.830685
-48.065701
13.361870
-30.955591
38.793598
-41.372742
24.963017
-35.499844
-30.140297
-21.499907
-50.512138
6.660702
21.518240
-32.848724
-77.709602
-0.087540
20.715158
-31.219854
-0.127407
-33.430511
-0.972393
-59.344677
-23.251797
-134.488266
-19.201893
23.674675
-54.094955
-43.797180
-76.151611
-25.327087
19.032036
-0.153564
-27.287830
-2.237831
-34.667503
-17.761337
22.553564
-86.652939
-27.487226
5.591919
92.636032
52.431564
-11.606299
-25.747143
-30.001341
32.298706
29.782480
-26.614365
-50.787395
10.682722
-6.557611
-0.925755
-4.782451
18.129219
-88.711563
22.143181
74.622681
-22.803858
60.500332
-61.165421
-42.277813
34.334179
-12.550101
-24.613871
42.663269
-20.705450
-15.938520
33.603355
-14.065868
-80.670166
-3.532017
-37.482304
12.757603
10.112035
-26.231071
-71.018509
-5.500187
34.336185
30.206938
97.778839
-78.191299
-15.254345
-42.296112
-8.614115
-17.610165
-40.470737
-11.779057
19.520020
-58.196907
-13.107357
23.343609
50.154839
44.878376
-2.773255
-17.152943
205.039520
23.948792
12.117458
71.324677
2.136246
11.488573
-31.903316
-17.819710
14.030951
-59.281708
12.849697
-75.053947
54.249985
-69.900436
50.037552
-32.504143
12.636900
49.945641
-42.545998
59.555328
-97.914597
-1.190174
24.684917
7.592693
26.040396
28.141043
-47.377895
81.456070
36.478264
-40.278667
92.525436
14.125433
29.178955
76.638435
-26.724617
41.270271
-11.072541
80.602097
59.179226
-37.856400
-19.685398
28.529570
46.791069
7.644622
41.950214
-20.512197
-22.660089
29.470856
-27.588478
-2.711863
-37.158268
