0.003523
2.529934
1.956051
6.188983
2.483755
6.548538
3.661394
1.574008
-3.967635
-0.206990
2.774527
2.004065
4.681570
2.678193
0.223101
-0.685395
-3.444449
4.208697
1.500931
-1.526030
2.254350
1.096887
-0.699756
1.354409
-0.633834
-1.196050
-1.358316
1.636721
0.727775
2.021946
-2.793068
-0.815070
-3.466029
3.604480
0.382069
3.503474
2.028974
2.419002
-2.288012
2.193972
2.754008
-3.619065
1.107164
0.906475
2.761094
0.387334
1.898498
1.789986
0.702856
0.095072
-1.778816
1.383362
0.344711
-1.553852
0.147139
-0.907146
-0.463824
1.374025
1.292349
3.677009
0.292445
0.191990
1.389732
3.764615
3.168275
0.297319
-0.209762
-1.426291
3.399461
2.044288
-0.967792
-0.210801
-4.040873
0.095641
-0.898274
3.362485
-1.900048
3.172728
1.446343
0.874229
1.645543
2.420992
-1.775002
3.755426
-0.472513
0.302827
1.025446
3.207361
-1.296596
0.780915
0.672709
0.410175
1.746382
-1.267675
3.131721
0.914826
1.469029
-2.503849
-0.505413
1.654340
2.828282
1.532162
-1.497587
-0.056816
2.028328
2.500706
1.409701
-0.703276
5.451559
1.642761
3.482085
0.657122
-1.473201
1.236068
1.304780
2.793367
-1.405470
-2.773555
4.467483
2.094249
-0.866507
-0.227373
-1.176754
2.690294
1.965403
1.985495
2.631242
0.721338
3.968187
1.834435
-0.310052
-0.768025
-0.659248
-1.789088
2.098768
3.835472
5.986888
1.609651
-1.624535
0.080825
-2.165162
-0.691785
0.142213
0.544181
3.204385
-0.142900
2.674889
2.186464
2.288407
0.290902
2.037906
4.874362
1.492564
0.648421
3.804559
-5.505392
-1.761205
4.250115
-0.803048
-0.055215
-0.701878
3.507040
-2.640307
-0.600603
1.694863
0.546058
2.231835
1.867883
3.417513
-0.576233
1.823955
-2.674779
1.184601
-1.385478
0.760362
-0.974935
1.476094
3.339859
-2.800335
-3.025755
-3.452497
1.731209
1.177496
-0.287290
4.945585
2.726646
-0.803076
-0.303855
-1.927142
2.021258
-1.353297
-2.241847
-0.516980
-0.594845
2.822487
1.642448
0.613567
0.294727
-0.523527
-1.998565
1.883217
0.058602
0.065666
-0.011358
3.330178
2.874318
-3.034198
0.225792
1.466643
0.277296
3.273016
1.997374
0.451008
-1.249258
0.583469
0.847538
0.591121
0.002815
3.074849
-0.247787
1.676666
3.683797
0.061539
-1.319387
4.668069
1.006157
3.033525
0.757116
2.557182
2.075681
0.221338
0.253582
1.953396
-2.823233
1.027141
-2.931335
1.095905
4.462843
1.902699
-0.334988
-0.827540
1.591090
3.573939
2.240121
5.677549
0.456075
-2.655112
-0.900584
-0.185185
-0.413755
-0.894742
3.942711
-1.846057
0.020566
-1.679009
-1.436001
-2.180354
0.346110
-1.942256
-0.575876
1.953316
4.089104
-2.129480
4.597693
-1.195836
1.844409
3.083116
4.261189
1.021060
2.047229
1.063052
-0.752967
0.161457
-0.047052
-1.254917
0.364720
6.165971
1.216583
2.579669
-0.216057
-0.843541
-0.657549
1.496237
-0.485456
-1.758400
2.557489
1.497736
2.294451
1.012537
1.569723
1.650450
-2.549342
-2.411917
2.082883
1.729331
-1.190536
2.483731
-0.470801
-0.362340
0.447020
2.308332
4.749854
1.685525
-1.324542
3.618001
-0.943257
2.970813
-0.656993
3.945723
-0.113891
-0.474142
3.402394
-1.969428
1.226733
0.105081
-1.137592
-1.030558
4.597999
0.483808
1.185569
-0.489680
-0.735946
-0.726301
3.787336
0.000353
0.119869
1.253845
3.793091
-0.649500
2.395889
-2.450375
-0.660295
-4.109570
1.056843
2.001744
-0.324043
1.674239
0.927497
2.338658
-0.064363
1.927860
0.301016
0.163546
2.134677
2.049377
3.851125
1.228118
-1.086679
-0.096265
2.708954
-0.029815
-0.048998
3.354558
1.206656
-0.465818
-1.965441
-3.807712
-0.303896
-0.494175
1.703278
-1.162037
4.564808
2.553982
-2.135065
2.675032
-0.626212
1.588429
2.053927
0.299375
-3.724200
2.458896
-0.225720
-1.577681
0.073487
-1.929648
1.442382
1.120602
-0.750923
2.832723
1.658039
2.716546
-1.751221
-1.423427
1.744274
3.281560
4.107290
2.383585
1.262652
2.148967
4.040550
1.618112
0.271008
-0.511788
2.077517
0.148339
1.164677
1.565424
1.311721
0.566799
2.655010
4.502410
-2.094471
-1.347892
0.291543
-2.404781
0.198015
-0.189349
1.022836
1.535084
0.125728
0.124428
3.075320
-0.007216
-2.876845
-0.749952
-0.442792
-1.169544
1.809500
1.684443
1.140289
1.299716
1.807342
-0.441898
-1.741608
0.470024
1.758296
3.169143
2.304092
1.067233
2.334316
-0.014842
1.215450
-0.635383
-0.027586
0.432293
-0.791420
-0.814816
-1.320629
3.590085
-0.721517
1.729767
1.232871
5.178700
4.064784
-0.005901
1.433307
3.123699
1.172170
4.743814
0.235984
-2.303728
2.156402
-0.437061
1.103071
2.415685
0.128572
-0.248750
-1.005077
-0.152984
0.859300
-3.846907
2.707689
3.560069
-1.597078
-2.483024
1.790966
-2.031059
-1.743802
3.633730
0.690034
3.877591
-2.126174
-1.610668
-0.280948
0.548412
1.035269
1.201722
0.772105
0.000630
1.669984
-0.561451
0.877256
2.542533
-3.381042
5.556454
1.186936
5.003483
4.837621
-2.094491
0.465362
6.781463
-0.327319
1.609805
1.739786
3.652352
2.868814
-1.883974
-1.413823
0.076965
-0.217666
5.869949
2.578150
3.084512
0.461473
-1.023932
2.500500
0.088925
1.820290
-0.700189
3.289974
-1.875916
4.621882
2.449676
0.085873
-3.092770
-1.646128
0.161095
2.897957
-0.834205
4.156269
6.924031
-0.099716
1.378467
-0.946309
-2.652722
4.441038
3.538561
1.342945
2.208738
0.682031
-2.711251
-6.163271
-0.550713
-0.939934
-0.537278
-0.640880
-2.595384
-0.441649
0.343298
-2.444761
0.749931
-0.011038
1.257231
-0.647572
0.919208
2.908060
-0.239459
0.919073
4.169231
1.922298
2.874733
5.988895
3.737367
1.799682
4.162091
-2.297098
-2.212331
3.425943
1.048547
0.981233
2.667391
1.392851
0.995604
0.224591
-0.547073
-1.338512
0.864290
0.465632
4.939488
2.469653
3.430538
0.178694
-0.545065
1.752155
2.386781
0.165882
4.203764
2.183172
1.896124
5.093023
3.283585
1.848545
1.171641
0.040858
1.717062
6.095057
-1.672447
0.460482
0.465719
0.408035
-3.718817
1.160070
2.096704
-0.802254
0.597974
-1.739304
3.258027
0.210200
-1.111260
-1.951771
0.997321
5.069419
2.759995
2.843404
-0.809678
1.244472
2.035776
-2.240887
3.219318
6.428945
-1.364778
-2.644780
0.611478
1.383786
-0.933895
-1.168003
-0.334497
-1.646838
-2.054952
4.729075
1.973014
-1.484238
2.592810
-2.226458
0.537652
2.981543
0.468851
1.665397
2.041227
5.046392
1.130262
-1.197223
-0.906547
-0.575568
3.229463
0.482306
-0.544333
1.083050
-0.168866
1.265330
1.767823
2.708764
2.754477
3.475740
6.254579
-0.232266
0.645788
-2.794331
2.052195
0.374827
0.201319
-2.173796
1.753441
0.484737
-2.449984
-2.802669
-2.372000
-1.111239
-3.157666
0.701461
2.982431
1.167790
0.183504
1.606432
2.763072
-0.344272
0.050561
-1.256640
0.100345
3.210388
1.160476
1.987478
0.957832
-0.012771
0.983019
3.146944
1.972456
2.083661
1.073202
-1.775505
-0.797689
0.685727
-1.855725
2.053991
2.592719
2.651099
2.973436
1.782084
0.799216
0.093969
1.707854
-0.078930
-4.645051
0.105716
1.508487
2.607230
2.769576
-2.419752
0.912260
0.374982
0.383253
1.750337
2.153294
2.417543
2.066245
-0.430883
-1.606548
2.453517
0.523247
4.327137
-0.097317
0.300234
3.599226
2.680779
-2.828568
-0.438032
2.334729
3.147811
-1.336911
4.802727
2.711073
1.345672
-0.010216
-1.563702
0.971228
0.986535
6.770549
2.744458
1.635155
1.113587
-1.013262
3.745001
0.818271
0.134786
2.862548
0.984801
0.843592
-0.511427
-1.210572
2.887967
1.385934
0.708425
4.868858
2.257908
3.028112
-0.752013
2.290953
-2.298839
-1.763137
2.230524
1.502448
-0.476328
0.590323
1.517073
0.699645
-3.910666
-3.259537
-4.156467
-0.005123
-2.376788
3.154819
-0.089797
-0.633279
4.579307
4.885681
-1.089612
0.909887
5.541010
0.975245
5.433607
3.027402
0.569397
-1.088214
2.621960
0.871814
-1.165528
1.604260
-0.524208
1.456954
3.772778
1.275910
-1.485310
1.063090
-0.277983
5.986123
-1.136343
1.051552
3.277343
-0.797357
0.147261
1.158014
2.617332
-1.216920
0.738261
0.173203
0.459318
0.747901
-1.774056
0.990754
0.752533
-0.144662
2.252763
4.177931
4.123040
2.927491
0.782218
-0.756745
0.970193
0.030487
0.833892
3.600686
4.382566
1.948339
3.972105
-3.829067
-0.805681
-0.156924
3.711431
2.235425
0.918295
2.496218
2.175866
0.806187
-3.686668
2.827354
-5.483084
2.369266
-0.738324
1.271741
3.938760
-0.814735
3.435760
1.101044
-0.507912
-1.191049
0.059252
1.788077
-4.139252
1.250550
0.237791
1.486674
4.629571
0.812651
0.249555
4.807295
3.876951
1.054545
-0.591142
0.711257
-1.927800
0.932189
-0.007614
-0.252038
2.940108
0.320292
2.214408
-3.020775
-0.130110
-1.952502
2.302877
4.361125
3.968121
-2.651191
2.361645
0.578331
1.217490
-0.110840
-1.686967
3.841364
0.984488
0.728203
0.795062
4.691517
3.822915
-3.187609
-0.848269
2.793572
-2.914338
3.647116
0.078542
3.010803
-1.725738
-1.477823
5.746428
3.123520
1.831521
0.304638
3.941138
1.527543
-4.416502
-1.957628
6.041992
0.613708
-2.921062
-0.659483
-0.152020
1.398084
-0.862331
-0.406323
-0.136576
-1.120654
4.046470
1.478931
1.210004
1.981052
0.778322
-0.559608
0.776183
5.188797
2.580628
0.440886
-0.250542
0.278879
-3.286411
2.880936
-0.442522
-2.674285
0.723598
-1.654158
2.730667
1.024854
0.974998
1.164620
2.075714
-0.838352
-1.434101
1.942494
0.718512
2.831926
-2.567724
1.929365
0.214188
-2.678901
-0.649483
2.291739
5.903987
0.336909
3.365736
-1.700885
0.092642
-0.566051
1.215072
0.463915
-0.632150
1.906479
2.967111
0.328119
0.227102
1.017421
1.410221
-0.667186
0.731491
3.127774
1.665722
-2.436200
2.607958
-2.081300
-2.007782
-2.707330
0.846177
1.545632
1.275706
-0.099601
-2.322915
6.585886
3.550624
0.266003
1.385243
2.773580
1.974324
0.247066
2.326424
-2.658597
3.150138
-4.076746
-0.546669
2.563992
1.467546
-1.847046
2.552692
0.538705
-1.595317
1.174542
2.629937
6.316373
2.263491
1.782154
0.724825
-3.010673
1.154246
-4.259879
-0.437741
0.087176
2.768306
-4.425815
2.523935
-1.029581
-3.122849
-0.626913
0.365846
-0.048391
-1.238038
4.622317
2.531510
0.177322
3.344949
1.217793
-2.013047
2.204860
-2.092844
-0.364622
1.791604
1.579203
0.006559
-4.636620
0.786388
2.176021
2.817064
0.092218
0.778180
-0.647083
1.391390
0.945186
-1.174673
