0.000000
0.000000
0.000039
0.000158
0.000395
0.000789
0.001382
0.002210
0.003315
0.004736
0.006511
0.008681
0.011284
0.014361
0.017949
0.022088
0.026818
0.032178
0.038206
0.044941
0.052424
0.060691
0.069783
0.079738
0.090594
0.102391
0.115167
0.128960
0.143809
0.159751
0.176826
0.195072
0.214525
0.235225
0.257210
0.280516
0.305182
0.331244
0.358742
0.387711
0.418189
0.450213
0.483820
0.519047
0.555930
0.594507
0.634813
0.676884
0.720758
0.766469
0.814055
0.863549
0.914989
0.968409
1.023845
1.081331
1.140903
1.202596
1.266444
1.332480
1.400741
1.471259
1.544069
1.619204
1.696698
1.776584
1.858895
1.943664
2.030924
2.120708
2.213047
2.307974
2.405521
2.505719
2.608600
2.714196
2.822537
2.933654
3.047578
3.164339
3.283968
3.406493
3.531946
3.660355
3.791750
3.926160
4.063612
4.204137
4.347762
4.494515
4.644424
4.797516
4.953819
5.113359
5.276163
5.442258
5.611670
5.784424
5.960547
6.140064
6.322999
6.509378
6.699224
6.892563
7.089419
7.289814
7.493772
7.701316
7.912470
8.127255
8.345694
8.567808
8.793619
9.023149
9.256418
9.493447
9.734257
9.978866
10.227296
10.479566
10.735693
10.995698
11.259599
11.527414
11.799160
12.074855
12.354517
12.638161
12.925805
13.217464
13.513155
13.812892
14.116691
14.424567
14.736534
15.052606
15.372797
15.697119
16.025587
16.358213
16.695009
17.035988
17.381160
17.730537
18.084130
18.441949
18.804005
19.170308
19.540866
19.915689
20.294786
20.678164
21.065833
21.457799
21.854070
22.254653
22.659554
23.068779
23.482333
23.900223
24.322454
24.749029
25.179953
25.615230
26.054863
26.498856
26.947211
27.399930
27.857015
28.318468
28.784290
29.254481
29.729043
30.207974
30.691275
31.178945
31.670981
32.167384
32.668151
33.173279
33.682765
34.196607
34.714801
35.237343
35.764228
36.295452
36.831009
37.370894
37.915101
38.463624
39.016456
39.573589
40.135016
40.700729
41.270720
41.844980
42.423500
43.006269
43.593279
44.184519
44.779977
45.379644
45.983506
46.591553
47.203772
47.820149
48.440673
49.065328
49.694102
50.326980
50.963946
51.604987
52.250085
52.899226
53.552393
54.209568
54.870735
55.535876
56.204974
56.878009
57.554962
58.235816
58.920550
59.609143
60.301577
60.997829
61.697879
62.401705
63.109286
63.820598
64.535619
65.254325
65.976695
66.702702
67.432324
68.165535
68.902310
69.642623
70.386450
71.133763
71.884536
72.638742
73.396353
74.157342
74.921681
75.689340
76.460292
77.234505
78.011952
78.792602
79.576424
80.363388
81.153462
81.946615
82.742815
83.542030
84.344227
85.149372
85.957433
86.768376
87.582166
88.398769
89.218151
90.040276
90.865109
91.692613
92.522752
93.355491
94.190791
95.028615
95.868927
96.711687
97.556858
98.404401
99.254276
100.106445
100.960868
101.817505
102.676314
103.537257
104.400291
105.265376
106.132469
107.001528
107.872513
108.745378
109.620083
110.496583
111.374835
112.254795
113.136418
114.019661
114.904479
115.790826
116.678657
117.567926
118.458587
119.350595
120.243902
121.138461
122.034226
122.931149
123.829182
124.728277
125.628386
126.529460
127.431451
128.334309
129.237986
130.142431
131.047594
131.953426
132.859875
133.766892
134.674426
135.582424
136.490837
137.399611
138.308696
139.218039
140.127588
141.037290
141.947092
142.856942
143.766785
144.676569
145.586240
146.495744
147.405026
148.314032
149.222708
150.130999
151.038850
151.946206
152.853011
153.759210
154.664747
155.569566
156.473610
157.376825
158.279152
159.180536
160.080920
160.980246
161.878458
162.775497
163.671308
164.565831
165.459009
166.350784
167.241099
168.129894
169.017112
169.902693
170.786580
171.668713
172.549033
173.427482
174.304000
175.178528
176.051007
176.921377
177.789578
178.655551
179.519235
180.380572
181.239501
182.095961
182.949893
183.801237
184.649931
185.495916
186.339132
187.179516
188.017009
188.851551
189.683079
190.511535
191.336856
192.158981
192.977850
193.793402
194.605576
195.414310
196.219543
197.021215
197.819263
198.613628
199.404247
200.191059
200.974004
201.753020
202.528045
203.299019
204.065880
204.828567
205.587018
206.341173
207.090971
207.836349
208.577248
209.313605
210.045360
210.772452
211.494819
212.212402
212.925138
213.632967
214.335829
215.033661
215.726405
216.413999
217.096382
217.773495
218.445276
219.111666
219.772604
220.428031
221.077885
221.722107
222.360638
222.993417
223.620385
224.241482
224.856649
225.465827
226.068956
226.665978
227.256834
227.841464
228.419810
228.991814
229.557417
230.116561
230.669188
231.215240
231.754660
232.287389
232.813371
233.332548
233.844863
234.350259
234.848679
235.340068
235.824368
236.301524
236.771479
237.234178
237.689565
238.137586
238.578184
239.011305
239.436894
239.854897
240.265260
240.667928
241.062848
241.449966
241.829230
242.200585
242.563979
242.919360
243.266675
243.605872
243.936900
244.259706
244.574241
244.880451
245.178288
245.467701
245.748639
246.021053
246.284892
246.540109
246.786653
247.024476
247.253530
247.473767
247.685139
247.887599
248.081099
248.265593
248.441033
248.607375
248.764573
248.912579
249.051351
249.180843
249.301010
249.411808
249.513193
249.605123
249.687555
249.760444
249.823750
249.877430
249.921442
249.955746
249.980301
249.995065
250.000000
249.995065
249.980222
249.955430
249.920653
249.875851
249.820987
249.756023
249.680924
249.595652
249.500171
249.394445
249.278441
249.152121
249.015453
248.868403
248.710936
248.543020
248.364622
248.175710
247.976252
247.766217
247.545573
247.314292
247.072342
246.819694
246.556319
246.282189
245.997275
245.701550
245.394986
245.077558
244.749238
244.410001
244.059821
243.698675
243.326537
242.943383
242.549192
242.143938
241.727602
241.300159
240.861590
240.411873
239.950988
239.478915
238.995635
238.501129
237.995378
237.478366
236.950075
236.410487
235.859587
235.297360
234.723789
234.138861
233.542561
232.934876
232.315792
231.685298
231.043380
230.390029
229.725233
229.048981
228.361264
227.662073
226.951398
226.229233
225.495569
224.750399
223.993716
223.225516
222.445792
221.654540
220.851756
220.037435
219.211575
218.374174
217.525229
216.664738
215.792702
214.909120
214.013993
213.107320
212.189104
211.259347
210.318052
209.365221
208.400858
207.424969
206.437558
205.438630
204.428191
203.406250
202.372812
201.327885
200.271479
199.203603
198.124265
197.033477
195.931250
194.817594
193.692522
192.556046
191.408181
190.248939
189.078336
187.896386
186.703106
185.498510
184.282617
183.055444
181.817009
180.567330
179.306427
178.034320
176.751030
175.456577
174.150983
172.834271
171.506464
170.167584
168.817657
167.456707
166.084759
164.701840
163.307976
161.903193
160.487521
159.060988
157.623622
156.175452
154.716511
153.246827
151.766433
150.275360
148.773642
147.261312
145.738403
144.204950
142.660988
141.106553
139.541681
137.966408
136.380773
134.784814
133.178569
131.562078
129.935380
128.298516
126.651527
124.994455
123.327343
121.650232
119.963167
118.266192
116.559350
114.842689
113.116253
111.380090
109.634245
107.878767
106.113705
104.339106
102.555020
100.761498
98.958590
97.146347
95.324820
93.494063
91.654129
89.805069
87.946940
86.079795
84.203690
82.318680
80.424823
78.522174
76.610791
74.690733
72.762058
70.824825
68.879094
66.924926
64.962381
62.991521
61.012408
59.025104
57.029672
55.026177
53.014682
50.995253
48.967954
46.932851
44.890011
42.839500
40.781386
38.715738
36.642623
34.562111
32.474271
30.379174
28.276889
26.167488
24.051044
21.927627
19.797311
17.660169
15.516274
13.365702
11.208525
9.044821
6.874664
4.698131
2.515298
0.326242
-1.868958
-4.070224
-6.277478
-8.490642
-10.709634
-12.934375
-15.164785
-17.400782
-19.642286
-21.889213
-24.141482
-26.399010
-28.661713
-30.929508
-33.202310
-35.480035
-37.762598
-40.049914
-42.341895
-44.638456
-46.939510
-49.244970
-51.554749
-53.868757
-56.186906
-58.509108
-60.835274
-63.165313
-65.499135
-67.836650
-70.177768
-72.522396
-74.870442
-77.221816
-79.576424
-81.934174
-84.294972
-86.658725
-89.025339
-91.394720
-93.766772
-96.141402
-98.518512
-100.898009
-103.279796
-105.663776
-108.049853
-110.437929
-112.827908
-115.219691
-117.613181
-120.008279
-122.404887
-124.802906
-127.202235
-129.602777
-132.004431
-134.407097
-136.810674
-139.215062
-141.620159
-144.025866
-146.432079
-148.838698
-151.245620
-153.652743
-156.059964
-158.467181
-160.874290
-163.281189
-165.687773
-168.093939
-170.499584
-172.904602
-175.308890
-177.712343
-180.114855
-182.516323
-184.916641
-187.315702
-189.713403
-192.109637
-194.504297
-196.897279
-199.288475
-201.677779
-204.065084
-206.450284
-208.833272
-211.213940
-213.592182
-215.967889
-218.340955
-220.711272
-223.078732
-225.443227
-227.804649
-230.162890
-232.517842
-234.869397
-237.217446
-239.561880
-241.902592
-244.239471
-246.572411
-248.901302
-251.226034
-253.546500
-255.862589
-258.174194
-260.481205
-262.783513
-265.081009
-267.373583
-269.661127
-271.943531
-274.220686
-276.492482
-278.758812
-281.019564
-283.274630
-285.523901
-287.767268
-290.004621
-292.235851
-294.460849
-296.679507
-298.891714
-301.097362
-303.296342
-305.488545
-307.673862
-309.852185
-312.023404
-314.187412
-316.344099
-318.493357
-320.635078
-322.769154
-324.895476
-327.013936
-329.124427
-331.226840
-333.321069
-335.407004
-337.484540
-339.553568
-341.613982
-343.665674
-345.708539
-347.742468
-349.767355
-351.783096
-353.789582
-355.786708
-357.774369
-359.752458
-361.720871
-363.679502
-365.628246
-367.566999
-369.495655
-371.414112
-373.322264
-375.220007
-377.107239
-378.983855
-380.849753
-382.704829
-384.548982
-386.382108
-388.204107
-390.014875
-391.814311
-393.602315
-395.378785
-397.143621
-398.896722
-400.637988
-402.367320
-404.084618
-405.789783
-407.482717
-409.163321
-410.831496
-412.487146
-414.130173
-415.760479
-417.377969
-418.982545
-420.574113
-422.152576
-423.717839
-425.269807
-426.808387
-428.333483
-429.845003
-431.342853
-432.826941
-434.297173
-435.753459
-437.195706
-438.623823
-440.037721
-441.437308
-442.822494
-444.193191
-445.549310
-446.890761
-448.217458
-449.529312
-450.826237
-452.108146
-453.374954
-454.626573
-455.862920
-457.083909
-458.289458
-459.479481
-460.653897
-461.812622
-462.955574
-464.082672
-465.193836
-466.288984
-467.368037
-468.430915
-469.477539
-470.507832
-471.521716
-472.519113
-473.499947
-474.464141
-475.411622
-476.342313
-477.256140
-478.153030
-479.032910
-479.895707
-480.741350
-481.569766
-482.380886
-483.174639
-483.950957
-484.709769
-485.451009
-486.174608
-486.880500
-487.568618
-488.238897
-488.891271
-489.525678
-490.142052
-490.740330
-491.320452
-491.882354
-492.425976
-492.951257
-493.458139
-493.946561
-494.416467
-494.867797
-495.300496
-495.714507
-496.109774
-496.486244
-496.843861
-497.182573
-497.502327
-497.803071
-498.084753
-498.347325
-498.590735
-498.814934
-499.019876
-499.205511
-499.371794
-499.518678
-499.646118
-499.754070
-499.842489
-499.911334
-499.960562
-499.990130
-500.000000
-499.990130
-499.960483
-499.911018
-499.841700
-499.752491
-499.643355
-499.514257
-499.365163
-499.196039
-499.006853
-498.797572
-498.568166
-498.318603
-498.048856
-497.758894
-497.448690
-497.118217
-496.767449
-496.396361
-496.004927
-495.593124
-495.160930
-494.708322
-494.235278
-493.743667
-493.233547
-492.704976
-492.158015
-491.592724
-491.009165
-490.407399
-489.787488
-489.149496
-488.493487
-487.819525
-487.127676
-486.418004
-485.690578
-484.945463
-484.182727
-483.402439
-482.604668
-481.789484
-480.956956
-480.107156
-479.240155
-478.356026
-477.454840
-476.536672
-475.601594
-474.649683
-473.681012
-472.695658
-471.693696
-470.675204
-469.640258
-468.588938
-467.521320
-466.437486
-465.337513
-464.221483
-463.089475
-461.941572
-460.777855
-459.598406
-458.403308
-457.192645
-455.966501
-454.724959
-453.468104
-452.196023
-450.908801
-449.606524
-448.289280
-446.957155
-445.610237
-444.248615
-442.872378
-441.481614
-440.076413
-438.656866
-437.223063
-435.775095
-434.313054
-432.837031
-431.347119
-429.843410
-428.325998
-426.794976
-425.250438
-423.692478
-422.121192
-420.536674
-418.939021
-417.328327
-415.704689
-414.068205
-412.418970
-410.757083
-409.082641
-407.395742
-405.696485
-403.984968
-402.261291
-400.525554
-398.777855
-397.018295
-395.246974
-393.463994
-391.669455
-389.863459
-388.046107
-386.217501
-384.377743
-382.526936
-380.665183
-378.792587
-376.909250
-375.015277
-373.110771
-371.195837
-369.270578
-367.335099
-365.389505
-363.433901
-361.468393
-359.493084
-357.508082
-355.513492
-353.509420
-351.495972
-349.473255
-347.441375
-345.400439
-343.350555
-341.291828
-339.224367
-337.148279
-335.063671
-332.970652
-330.869328
-328.759809
-326.642202
-324.516616
-322.383159
-320.241939
-318.093066
-315.936647
-313.772792
-311.601610
-309.423209
-307.237699
-305.045189
-302.845789
-300.639607
-298.426752
-296.207336
-293.981466
-291.749252
-289.510805
-287.266233
-285.015646
-282.759155
-280.496868
-278.228895
-275.955347
-273.676333
-271.391962
-269.102345
-266.807590
-264.507809
-262.203110
-259.893604
-257.579399
-255.260606
-252.937334
-250.609692
-248.277791
-245.941739
-243.601646
-241.257621
-238.909774
-236.558213
-234.203048
-231.844387
-229.482340
-227.117016
-224.748522
-222.376969
-220.002463
-217.625114
-215.245030
-212.862319
-210.477089
-208.089448
-205.699503
-203.307363
-200.913135
-198.516925
-196.118842
-193.718992
-191.317482
-188.914419
-186.509909
-184.104058
-181.696973
-179.288759
-176.879523
-174.469369
-172.058403
-169.646731
-167.234456
-164.821684
-162.408520
-159.995067
-157.581430
-155.167711
-152.754016
-150.340447
-147.927107
-145.514098
-143.101525
-140.689488
-138.278090
-135.867432
-133.457616
-131.048744
-128.640915
-126.234231
-123.828793
-121.424699
-119.022050
-116.620945
-114.221484
-111.823765
-109.427886
-107.033946
-104.642043
-102.252274
-99.864737
-97.479528
-95.096743
-92.716480
-90.338833
-87.963899
-85.591772
-83.222547
-80.856318
-78.493181
-76.133227
-73.776551
-71.423245
-69.073403
-66.727115
-64.384475
-62.045572
-59.710499
-57.379346
-55.052203
-52.729159
-50.410305
-48.095728
-45.785518
-43.479763
-41.178550
-38.881967
-36.590100
-34.303036
-32.020861
-29.743660
-27.471518
-25.204520
-22.942751
-20.686293
-18.435231
-16.189647
-13.949623
-11.715241
-9.486583
-7.263729
-5.046761
-2.835758
-0.630799
1.568036
3.760669
5.947021
8.127016
10.300576
12.467624
14.628084
16.781882
18.928940
21.069186
23.202545
25.328944
27.448309
29.560567
31.665648
33.763479
35.853989
37.937108
40.012766
42.080894
44.141423
46.194284
48.239409
50.276732
52.306186
54.327704
56.341221
58.346672
60.343992
62.333118
64.313985
66.286532
68.250695
70.206413
72.153625
74.092271
76.022289
77.943621
79.856207
81.759990
83.654912
85.540915
87.417942
89.285938
91.144847
92.994615
94.835186
96.666507
98.488525
100.301188
102.104443
103.898239
105.682525
107.457251
109.222367
110.977824
112.723574
114.459569
116.185761
117.902104
119.608552
121.305060
122.991581
124.668073
126.334491
127.990793
129.636936
131.272877
132.898576
134.513993
136.119086
137.713817
139.298146
140.872036
142.435448
143.988346
145.530694
147.062455
148.583594
150.094076
151.593869
153.082938
154.561250
156.028773
157.485477
158.931329
160.366299
161.790359
163.203478
164.605628
165.996782
167.376912
168.745991
170.103993
171.450893
172.786667
174.111289
175.424737
176.726987
178.018016
179.297804
180.566329
181.823571
183.069508
184.304123
185.527397
186.739311
187.939847
189.128990
190.306722
191.473028
192.627893
193.771302
194.903242
196.023700
197.132661
198.230116
199.316051
200.390457
201.453322
202.504638
203.544395
204.572585
205.589200
206.594232
207.587675
208.569523
209.539771
210.498413
211.445445
212.380863
213.304665
214.216848
215.117409
216.006348
216.883663
217.749354
218.603422
219.445868
220.276693
221.095899
221.903490
222.699467
223.483835
224.256599
225.017763
225.767332
226.505314
227.231714
227.946539
228.649798
229.341499
230.021651
230.690262
231.347344
231.992907
232.626960
233.249518
233.860591
234.460192
235.048334
235.625032
236.190299
236.744151
237.286602
237.817670
238.337369
238.845718
239.342734
239.828434
240.302838
240.765964
241.217833
241.658463
242.087876
242.506093
242.913136
243.309026
243.693787
244.067441
244.430012
244.781524
245.122002
245.451471
245.769956
246.077484
246.374082
246.659775
246.934592
247.198561
247.451711
247.694069
247.925666
248.146531
248.356696
248.556189
248.745044
248.923291
249.090962
249.248091
249.394710
249.530853
249.656554
249.771846
249.876765
249.971347
250.055625
250.129638
250.193421
250.247011
250.290445
250.323762
250.346998
250.360194
250.363387
250.356618
250.339925
250.313350
250.276932
250.230712
250.174732
250.109034
250.033659
249.948650
249.854049
249.749901
249.636248
249.513134
249.380604
249.238702
249.087473
248.926963
248.757216
248.578280
248.390200
248.193023
247.986797
247.771567
247.547383
247.314292
247.072342
246.821582
246.562061
246.293827
246.016932
245.731423
245.437352
245.134769
244.823725
244.504270
244.176456
243.840335
243.495958
243.143377
242.782644
242.413813
242.036937
241.652067
241.259259
240.858564
240.450038
240.033735
239.609708
239.178013
238.738704
238.291836
237.837465
237.375647
236.906436
236.429889
235.946062
235.455011
234.956794
234.451466
233.939085
233.419708
232.893392
232.360194
231.820174
231.273387
230.719893
230.159750
229.593015
229.019748
228.440008
227.853853
227.261341
226.662534
226.057488
225.446265
224.828924
224.205524
223.576125
222.940788
222.299571
221.652536
220.999743
220.341253
219.677125
219.007420
218.332200
217.651524
216.965455
216.274052
215.577377
214.875491
214.168456
213.456333
212.739182
212.017066
211.290046
210.558183
209.821540
209.080177
208.334158
207.583542
206.828392
206.068771
205.304739
204.536358
203.763692
202.986800
202.205747
201.420592
200.631399
199.838229
199.041145
198.240207
197.435479
196.627022
195.814898
194.999169
194.179897
193.357144
192.530971
191.701440
190.868614
190.032554
189.193322
188.350978
187.505586
186.657206
185.805900
184.951730
184.094756
183.235040
182.372643
181.507627
180.640053
179.769981
178.897473
178.022588
177.145389
176.265936
175.384289
174.500508
173.614654
172.726788
171.836969
170.945257
170.051713
169.156396
168.259365
167.360680
166.460401
165.558587
164.655297
163.750589
162.844523
161.937158
161.028551
160.118762
159.207848
158.295868
157.382879
156.468939
155.554106
154.638437
153.721989
152.804819
151.886984
150.968541
150.049547
149.130056
148.210127
147.289813
146.369172
145.448258
144.527127
143.605834
142.684434
141.762981
140.841530
139.920135
138.998849
138.077728
137.156823
136.236189
135.315879
134.395944
133.476439
132.557415
131.638924
130.721018
129.803748
128.887167
127.971325
127.056272
126.142060
125.228739
124.316358
123.404968
122.494617
121.585356
120.677232
119.770295
118.864594
117.960175
117.057087
116.155377
115.255093
114.356281
113.458989
112.563262
111.669146
110.776687
109.885931
108.996923
108.109707
107.224328
106.340830
105.459257
104.579652
103.702059
102.826521
101.953080
101.081778
100.212657
99.345760
98.481127
97.618798
96.758816
95.901219
95.046048
94.193342
93.343142
92.495484
91.650409
90.807954
89.968157
89.131055
88.296686
87.465087
86.636293
85.810342
84.987268
84.167107
83.349894
82.535664
81.724450
80.916287
80.111209
79.309248
78.510437
77.714808
76.922395
76.133227
75.347337
74.564755
73.785513
73.009639
72.237165
71.468118
70.702529
69.940426
69.181836
68.426789
67.675311
66.927430
66.183171
65.442562
64.705628
63.972395
63.242888
62.517132
61.795151
61.076968
60.362608
59.652093
58.945447
58.242691
57.543847
56.848938
56.157984
55.471006
54.788024
54.109058
53.434128
52.763253
52.096451
51.433741
50.775142
50.120669
49.470341
48.824174
48.182184
47.544388
46.910800
46.281436
45.656311
45.035438
44.418833
43.806507
43.198474
42.594747
41.995339
41.400260
40.809522
40.223136
39.641113
39.063463
38.490196
37.921321
37.356848
36.796784
36.241137
35.689917
35.143129
34.600781
34.062880
33.529431
33.000441
32.475914
31.955855
31.440270
30.929161
30.422534
29.920391
29.422734
28.929567
28.440892
27.956710
27.477023
27.001831
26.531136
26.064936
25.603233
25.146024
24.693310
24.245088
23.801358
23.362115
22.927359
22.497085
22.071291
21.649972
21.233125
20.820744
20.412826
20.009363
19.610352
19.215785
18.825656
18.439958
18.058684
17.681827
17.309377
16.941328
16.577669
16.218393
15.863489
15.512947
15.166757
14.824910
14.487392
14.154194
13.825304
13.500709
13.180397
12.864355
12.552570
12.245029
11.941717
11.642621
11.347726
11.057016
10.770477
10.488093
10.209849
9.935727
9.665711
9.399784
9.137929
8.880128
8.626363
8.376616
8.130868
7.889100
7.651293
7.417427
7.187482
6.961438
6.739275
6.520970
6.306504
6.095855
5.889000
5.685918
5.486586
5.290981
5.099080
4.910860
4.726297
4.545367
4.368047
4.194310
4.024133
3.857490
3.694356
3.534705
3.378511
3.225748
3.076390
2.930409
2.787778
2.648470
2.512458
2.379713
2.250208
2.123913
2.000801
1.880841
1.764007
1.650266
1.539591
1.431951
1.327316
1.225655
1.126938
1.031135
0.938213
0.848141
0.760889
0.676424
0.594714
0.515727
0.439431
0.365793
0.294779
0.226358
0.160495
0.097157
0.036311
-0.022078
-0.078042
-0.131618
-0.182839
-0.231740
-0.278355
-0.322720
-0.364870
-0.404839
-0.442665
-0.478382
-0.512026
-0.543633
-0.573240
-0.600883
-0.626598
-0.650421
-0.672391
-0.692543
-0.710915
-0.727543
-0.742466
-0.755721
-0.767346
-0.777377
-0.785853
-0.792813
-0.798293
-0.802333
-0.804971
-0.806245
-0.806193
-0.804855
-0.802269
-0.798474
-0.793509
-0.787413
-0.780225
-0.771984
-0.762730
-0.752502
-0.741339
-0.729281
-0.716368
-0.702640
-0.688135
-0.672894
-0.656956
-0.640362
-0.623151
-0.605364
-0.587040
-0.568220
-0.548943
-0.529251
-0.509182
-0.488777
-0.468077
-0.447122
-0.425951
-0.404606
-0.383126
-0.361553
-0.339925
-0.318285
-0.296671
-0.275124
-0.253685
-0.232394
-0.211291
-0.190416
-0.169810
-0.149513
-0.129566
-0.110008
-0.090879
-0.072220
-0.054071
-0.036472
-0.019462
-0.003083
0.012627
0.027628
0.041879
0.055340
0.067973
0.079738
0.090594
0.100503
0.109426
0.117322
0.124152
0.129878
0.134460
0.137860
0.140038
0.140956
0.140574
0.138856
0.135761
0.131251
0.125289
0.117836
0.108854
0.098305
0.086151
0.072355
0.056880
0.039687
0.020739
