0.000000
0.000000
0.000039
0.000158
0.000395
0.000789
0.001382
0.002210
0.003315
0.004736
0.006511
0.008681
0.011284
0.014361
0.017949
0.022088
0.026818
0.032178
0.038206
0.044941
0.052423
0.060691
0.069783
0.079738
0.090594
0.102391
0.115167
0.128960
0.143808
0.159751
0.176826
0.195071
0.214525
0.235225
0.257209
0.280515
0.305181
0.331244
0.358741
0.387710
0.418188
0.450212
0.483819
0.519046
0.555930
0.594506
0.634812
0.676884
0.720757
0.766469
0.814054
0.863549
0.914988
0.968408
1.023844
1.081330
1.140902
1.202595
1.266443
1.332480
1.400740
1.471258
1.544068
1.619203
1.696697
1.776583
1.858894
1.943663
2.030923
2.120707
2.213045
2.307973
2.405520
2.505718
2.608599
2.714195
2.822536
2.933654
3.047577
3.164337
3.283966
3.406492
3.531945
3.660354
3.791748
3.926159
4.063611
4.204136
4.347761
4.494513
4.644422
4.797514
4.953817
5.113359
5.276162
5.442256
5.611668
5.784422
5.960546
6.140061
6.322998
6.509377
6.699222
6.892560
7.089417
7.289811
7.493770
7.701315
7.912468
8.127252
8.345690
8.567806
8.793617
9.023149
9.256417
9.493445
9.734257
9.978866
10.227294
10.479567
10.735691
10.995697
11.259598
11.527408
11.799156
12.074853
12.354517
12.638159
12.925802
13.217464
13.513150
13.812890
14.116691
14.424566
14.736528
15.052606
15.372796
15.697114
16.025585
16.358208
16.695009
17.035984
17.381155
17.730532
18.084131
18.441948
18.803997
19.170305
19.540857
19.915686
20.294786
20.678162
21.065838
21.457792
21.854065
22.254646
22.659546
23.068773
23.482330
23.900223
24.322453
24.749020
25.179951
25.615225
26.054857
26.498854
26.947218
27.399921
27.857010
28.318462
28.784294
29.254480
29.729034
30.207972
30.691273
31.178938
31.670975
32.167377
32.668148
33.173267
33.682758
34.196613
34.714809
35.237350
35.764225
36.295444
36.831009
37.370892
37.915092
38.463631
39.016472
39.573582
40.135010
40.700733
41.270737
41.844975
42.423481
43.006264
43.593277
44.184505
44.779961
45.379639
45.983513
46.591545
47.203781
47.820137
48.440655
49.065353
49.694115
50.326981
50.963940
51.604969
52.250069
52.899239
53.552372
54.209572
54.870724
55.535862
56.204941
56.877998
57.554947
58.235786
58.920547
59.609138
60.301571
60.997826
61.697857
62.401699
63.109257
63.820606
64.535583
65.254326
65.976677
66.702713
67.432335
68.165512
68.902328
69.642624
70.386452
71.133781
71.884521
72.638763
73.396332
74.157310
74.921631
75.689308
76.460289
77.234505
78.011955
78.792610
79.576393
80.363388
81.153511
81.946625
82.742783
83.541977
84.344238
85.149323
85.957420
86.768402
87.582138
88.398773
89.218193
90.040298
90.865097
91.692558
92.522743
93.355507
94.190781
95.028633
95.868927
96.711685
97.556831
98.404442
99.254257
100.106506
100.960884
101.817474
102.676315
103.537193
104.400269
105.265327
106.132446
107.001495
107.872505
108.745361
109.620102
110.496613
111.374809
112.254837
113.136391
114.019661
114.904495
115.790817
116.678642
117.567940
118.458572
119.350571
120.243896
121.138443
122.034271
122.931160
123.829163
124.728294
125.628410
126.529434
127.431465
128.334305
129.237976
130.142441
131.047638
131.953430
132.859863
133.766830
134.674393
135.582382
136.490845
137.399643
138.308716
139.218018
140.127594
141.037308
141.947037
142.856918
143.766800
144.676529
145.586227
146.495743
147.405029
148.313965
149.222748
150.131027
151.038879
151.946243
152.852997
153.759308
154.664780
155.569534
156.473587
157.376785
158.279144
159.180557
160.080887
160.980270
161.878510
162.775497
163.671295
164.565842
165.459045
166.350739
167.241074
168.129822
169.017075
169.902664
170.786682
171.668655
172.548996
173.427475
174.303955
175.178574
176.050949
176.921402
177.789597
178.655685
179.519257
180.380539
181.239563
182.095901
182.949814
183.801163
184.649933
185.495941
186.339188
187.179504
188.016983
188.851517
189.683167
190.511505
191.336838
192.159012
192.977875
193.793533
194.605667
195.414291
196.219498
197.021194
197.819153
198.613602
199.404297
200.191101
200.974030
201.752960
202.528137
203.299042
204.065887
204.828491
205.587036
206.341217
207.090958
207.836395
208.577271
209.313629
210.045410
210.772537
211.494781
212.212341
212.925125
213.632965
214.335846
215.033661
215.726379
216.413971
217.096298
217.773468
218.445236
219.111633
219.772614
220.428055
221.077835
221.722122
222.360718
222.993439
223.620392
224.241547
224.856720
225.465851
226.068893
226.666000
227.256912
227.841522
228.419693
228.991821
229.557297
230.116577
230.669312
231.215225
231.754654
232.287445
232.813446
233.332550
233.844894
234.350281
234.848648
235.340012
235.824402
236.301483
236.771530
237.234146
237.689545
238.137619
238.578125
239.011383
239.436935
239.854889
240.265305
240.667877
241.062881
241.449966
241.829300
242.200546
242.563995
242.919357
243.266693
243.605911
243.936829
244.259705
244.574219
244.880447
245.178284
245.467712
245.748688
246.020996
246.284851
246.540085
246.786728
247.024490
247.253525
247.473785
247.685165
247.887650
248.081177
248.265564
248.441162
248.607376
248.764557
248.912537
249.051300
249.180832
249.301010
249.411789
249.513107
249.605057
249.687653
249.760513
249.823776
249.877426
249.921585
249.955780
249.980270
249.995132
249.999969
249.995132
249.980194
249.955475
249.920792
249.875839
249.821014
249.756073
249.681046
249.595566
249.500092
249.394409
249.278412
249.152100
249.015427
248.868347
248.710922
248.542999
248.364731
248.175674
247.976318
247.766281
247.545624
247.314362
247.072342
246.819687
246.556351
246.282135
245.997284
245.701492
245.395004
245.077637
244.749191
244.410049
244.059830
243.698608
243.326523
242.943436
242.549255
242.143997
241.727615
241.300095
240.861633
240.411926
239.950974
239.478851
238.995636
238.501099
237.995361
237.478455
236.950104
236.410477
235.859573
235.297318
234.723801
234.138809
233.542664
232.934814
232.315750
231.685318
231.043365
230.390045
229.725250
229.049072
228.361298
227.661987
226.951508
226.229279
225.495468
224.750427
223.993591
223.225616
222.445847
221.654587
220.851715
220.037445
219.211700
218.374237
217.525192
216.664764
215.792709
214.909164
214.013992
213.107346
212.189102
211.259384
210.318100
209.365173
208.400757
207.424973
206.437576
205.438629
204.428223
203.406296
202.372833
201.327820
200.271469
199.203629
198.124222
197.033585
195.931229
194.817627
193.692490
192.556137
191.408279
190.248932
189.078369
187.896439
186.703232
185.498520
184.282684
183.055420
181.817078
180.567368
179.306351
178.034332
176.751007
175.456558
174.151016
172.834396
171.506378
170.167572
168.817627
167.456619
166.084793
164.701797
163.308014
161.903152
160.487610
159.060989
157.623734
156.175400
154.716476
153.246872
151.766388
150.275314
148.773621
147.261368
145.738419
144.205017
142.660919
141.106644
139.541672
137.966385
136.380692
134.784729
133.178680
131.561966
129.935349
128.298477
126.651520
124.994392
123.327309
121.650215
119.963211
118.266212
116.559433
114.842659
113.116302
111.380119
109.634201
107.878670
106.113708
104.339134
102.554985
100.761566
98.958603
97.146347
95.324860
93.494064
91.654037
89.805061
87.946930
86.079826
84.203720
82.318680
80.424759
78.522179
76.610855
74.690674
72.762123
70.824837
68.879089
66.924988
64.962395
62.991516
61.012367
59.025036
57.029636
55.026180
53.014671
50.995262
48.967960
46.932827
44.890007
42.839527
40.781429
38.715763
36.642570
34.562126
32.474316
30.379175
28.276855
26.167522
24.051062
21.927588
19.797340
17.660154
15.516255
13.365683
11.208547
9.044820
6.874705
4.698159
2.515351
0.326232
-1.868923
-4.070197
-6.277432
-8.490646
-10.709642
-12.934338
-15.164797
-17.400780
-19.642279
-21.889221
-24.141443
-26.398977
-28.661673
-30.929514
-33.202293
-35.480038
-37.762585
-40.049915
-42.341942
-44.638443
-46.939522
-49.244968
-51.554745
-53.868782
-56.186916
-58.509090
-60.835262
-63.165291
-65.499084
-67.836617
-70.177803
-72.522392
-74.870407
-77.221855
-79.576393
-81.934158
-84.295036
-86.658737
-89.025284
-91.394669
-93.766838
-96.141342
-98.518509
-100.898048
-103.279732
-105.663765
-108.049919
-110.437988
-112.827881
-115.219627
-117.613144
-120.008308
-122.404854
-124.802933
-127.202248
-129.602798
-132.004379
-134.407089
-136.810654
-139.215103
-141.620117
-144.025818
-146.432083
-148.838669
-151.245529
-153.652817
-156.059891
-158.467163
-160.874283
-163.281204
-165.687897
-168.093948
-170.499527
-172.904663
-175.308792
-177.712311
-180.114807
-182.516312
-184.916611
-187.315659
-189.713409
-192.109573
-194.504303
-196.897232
-199.288544
-201.677811
-204.065063
-206.450302
-208.833252
-211.213943
-213.592194
-215.967957
-218.341003
-220.711197
-223.078827
-225.443176
-227.804596
-230.162735
-232.517731
-234.869324
-237.217545
-239.561935
-241.902618
-244.239471
-246.572525
-248.901215
-251.225922
-253.546616
-255.862610
-258.174164
-260.481140
-262.783539
-265.080994
-267.373840
-269.661346
-271.943512
-274.220734
-276.492310
-278.758789
-281.019562
-283.274811
-285.524261
-287.767365
-290.004669
-292.235779
-294.461029
-296.679504
-298.891541
-301.097473
-303.296143
-305.488525
-307.674072
-309.852203
-312.023529
-314.187378
-316.343903
-318.493439
-320.634918
-322.769318
-324.895538
-327.013824
-329.124390
-331.226929
-333.321167
-335.406982
-337.484711
-339.553436
-341.614258
-343.665649
-345.708496
-347.742432
-349.767365
-351.782990
-353.789337
-355.786652
-357.774475
-359.752594
-361.720886
-363.679718
-365.628021
-367.567169
-369.495667
-371.413971
-373.322418
-375.219910
-377.107483
-378.983856
-380.849884
-382.704773
-384.549133
-386.381927
-388.204102
-390.015076
-391.814178
-393.602539
-395.378876
-397.143860
-398.896881
-400.637970
-402.367218
-404.084595
-405.789764
-407.482758
-409.163239
-410.831451
-412.487000
-414.130127
-415.760315
-417.377838
-418.982544
-420.574158
-422.152649
-423.718048
-425.269775
-426.808441
-428.333405
-429.844757
-431.342926
-432.826935
-434.297058
-435.753510
-437.195587
-438.623962
-440.037781
-441.437317
-442.822540
-444.193268
-445.549469
-446.891052
-448.217438
-449.529114
-450.826263
-452.108276
-453.375061
-454.626312
-455.862732
-457.083771
-458.289490
-459.479797
-460.653931
-461.812866
-462.955566
-464.082794
-465.193604
-466.289032
-467.367950
-468.430969
-469.477417
-470.508179
-471.521545
-472.518951
-473.500031
-474.464386
-475.411682
-476.342438
-477.256256
-478.153046
-479.032776
-479.895691
-480.741272
-481.569794
-482.381012
-483.174683
-483.950897
-484.709991
-485.451080
-486.174957
-486.880432
-487.568481
-488.238861
-488.891205
-489.525757
-490.141663
-490.740051
-491.320404
-491.882416
-492.426147
-492.951538
-493.458282
-493.946320
-494.416718
-494.867493
-495.300507
-495.714630
-496.109772
-496.486023
-496.844147
-497.182556
-497.502655
-497.802887
-498.084839
-498.347229
-498.590546
-498.815247
-499.019653
-499.205627
-499.372162
-499.518585
-499.646027
-499.754242
-499.842590
-499.911194
-499.960358
-499.990448
-500.000092
-499.990448
-499.960297
-499.910858
-499.841797
-499.752655
-499.643311
-499.514099
-499.365540
-499.196167
-499.006592
-498.797913
-498.567993
-498.318420
-498.048920
-497.758636
-497.449066
-497.118195
-496.767822
-496.396149
-496.004852
-495.593231
-495.160828
-494.708069
-494.235474
-493.743408
-493.233734
-492.705261
-492.158142
-491.592773
-491.009033
-490.407135
-489.787048
-489.149506
-488.493469
-487.819519
-487.127563
-486.417877
-485.690948
-484.945465
-484.182953
-483.402374
-482.604736
-481.789551
-480.957031
-480.107117
-479.240204
-478.355865
-477.454895
-476.536682
-475.601685
-474.649780
-473.681244
-472.695770
-471.693542
-470.675049
-469.640594
-468.588867
-467.521393
-466.437408
-465.337585
-464.221283
-463.089600
-461.941559
-460.778137
-459.598389
-458.403595
-457.192627
-455.966339
-454.724792
-453.467865
-452.196075
-450.908936
-449.606506
-448.289093
-446.957153
-445.610535
-444.248749
-442.872406
-441.481567
-440.076416
-438.656921
-437.223206
-435.775055
-434.313019
-432.836945
-431.347076
-429.843445
-428.325745
-426.794952
-425.250458
-423.692444
-422.121490
-420.536713
-418.939056
-417.328278
-415.704590
-414.068146
-412.418854
-410.757019
-409.082581
-407.395782
-405.696472
-403.985046
-402.261292
-400.525452
-398.777832
-397.018463
-395.247223
-393.464050
-391.669678
-389.863373
-388.046326
-386.217499
-384.377563
-382.527100
-380.665192
-378.792755
-376.909332
-375.015503
-373.110687
-371.196014
-369.270416
-367.335114
-365.389587
-363.433716
-361.468658
-359.493164
-357.508148
-355.513580
-353.509399
-351.495728
-349.473175
-347.441376
-345.400330
-343.350525
-341.291840
-339.224640
-337.148163
-335.063904
-332.970673
-330.869385
-328.759918
-326.642242
-324.516479
-322.383209
-320.242157
-318.092957
-315.936768
-313.772614
-311.601624
-309.423309
-307.237701
-305.045380
-302.845795
-300.639404
-298.426819
-296.207123
-293.981476
-291.749390
-289.510712
-287.266266
-285.015717
-282.759583
-280.497009
-278.228851
-275.955322
-273.676239
-271.391998
-269.102264
-266.807800
-264.508087
-262.203094
-259.893585
-257.579315
-255.260468
-252.937347
-250.609802
-248.277695
-245.941711
-243.601761
-241.257645
-238.909851
-236.558228
-234.203125
-231.844269
-229.482224
-227.116852
-224.748474
-222.376923
-220.002579
-217.625061
-215.245087
-212.862427
-210.477142
-208.089417
-205.699509
-203.307373
-200.913132
-198.516953
-196.118912
-193.718948
-191.317520
-188.914337
-186.509903
-184.104065
-181.696930
-179.288727
-176.879532
-174.469330
-172.058304
-169.646820
-167.234451
-164.821716
-162.408615
-159.995087
-157.581436
-155.167694
-152.753983
-150.340515
-147.927048
-145.514069
-143.101532
-140.689468
-138.278046
-135.867462
-133.457611
-131.048737
-128.640884
-126.234253
-123.828812
-121.424728
-119.022026
-116.620972
-114.221420
-111.823708
-109.427872
-107.033981
-104.642090
-102.252266
-99.864670
-97.479546
-95.096748
-92.716438
-90.338913
-87.963860
-85.591698
-83.222565
-80.856384
-78.493172
-76.133217
-73.776596
-71.423210
-69.073418
-66.727188
-64.384460
-62.045528
-59.710472
-57.379330
-55.052197
-52.729168
-50.410313
-48.095737
-45.785519
-43.479774
-41.178528
-38.881969
-36.590080
-34.303028
-32.020878
-29.743652
-27.471525
-25.204479
-22.942707
-20.686264
-18.435244
-16.189631
-13.949615
-11.715244
-9.486542
-7.263746
-5.046764
-2.835724
-0.630786
1.568069
3.760664
5.947062
8.127033
10.300610
12.467614
14.628107
16.781893
18.928925
21.069185
23.202570
25.328911
27.448332
29.560596
31.665607
33.763493
35.854031
37.937126
40.012733
42.080921
44.141472
46.194313
48.239426
50.276691
52.306210
54.327690
56.341206
58.346695
60.343937
62.333027
64.313950
66.286552
68.250732
70.206505
72.153603
74.092278
76.022392
77.943542
79.856270
81.760010
83.654846
85.540916
87.417961
89.285957
91.144836
92.994598
94.835098
96.666504
98.488548
100.301155
102.104439
103.898293
105.682472
107.457260
109.222366
110.977760
112.723534
114.459557
116.185860
117.902130
119.608643
121.305107
122.991638
124.668030
126.334473
127.990730
129.636917
131.272781
132.898544
134.513840
136.119202
137.713684
139.298035
140.872009
142.435440
143.988480
145.530609
147.062546
148.583633
150.094162
151.593842
153.082901
154.561203
156.028854
157.485428
158.931213
160.366409
161.790359
163.203583
164.605591
165.996796
167.376862
168.746033
170.103882
171.450821
172.786682
174.111252
175.424911
176.727066
178.018021
179.297760
180.566315
181.823471
183.069580
184.304199
185.527405
186.739349
187.939819
189.129120
190.306808
191.473038
192.627823
193.771362
194.903320
196.023682
197.132706
198.230118
199.316132
200.390411
201.453354
202.504639
203.544281
204.572586
205.589249
206.594223
207.587692
208.569519
209.539780
210.498352
211.445419
212.380905
213.304657
214.216843
215.117432
216.006317
216.883728
217.749374
218.603424
219.445831
220.276749
221.096039
221.903458
222.699432
223.483902
224.256668
225.017838
225.767166
226.505341
227.231613
227.946594
228.649902
229.341446
230.021683
230.690323
231.347366
231.992889
232.626938
233.249542
233.860550
234.460159
235.048447
235.625000
236.190308
236.744125
237.286606
237.817657
238.337387
238.845779
239.342743
239.828384
240.302841
240.765900
241.217819
241.658493
242.087906
242.506058
242.913162
243.309082
243.693878
244.067459
244.429977
244.781494
245.122025
245.451538
245.769897
246.077560
246.374084
246.659683
246.934601
247.198486
247.451736
247.694031
247.925690
248.146591
248.356750
248.556259
248.745102
248.923248
249.091080
249.248047
249.394699
249.530777
249.656509
249.771835
249.876709
249.971313
250.055557
250.129547
250.193497
250.247101
250.290451
250.323761
250.347137
250.360229
250.363373
250.356735
250.339874
250.313461
250.276932
250.230759
250.174866
250.109024
250.033661
249.948730
249.854126
249.749786
249.636185
249.513107
249.380569
249.238678
249.087463
248.926895
248.757187
248.578278
248.390305
248.192978
247.986862
247.771622
247.547440
247.314362
247.072342
246.821579
246.562088
246.293777
246.016937
245.731369
245.437393
245.134857
244.823685
244.504272
244.176453
243.840286
243.495941
243.143402
242.782700
242.413834
242.036957
241.652023
241.259323
240.858582
240.450043
240.033676
239.609726
239.177994
238.738708
238.291916
237.837448
237.375641
236.906418
236.429855
235.946075
235.454956
234.956863
234.451401
233.939056
233.419739
232.893387
232.360199
231.820206
231.273438
230.719894
230.159698
229.593124
229.019791
228.439896
227.853867
227.261185
226.662582
226.057571
225.446289
224.828842
224.205536
223.576218
222.940842
222.299545
221.652542
220.999802
220.341309
219.677063
219.007431
218.332230
217.651550
216.965424
216.274017
215.577286
214.875488
214.168472
213.456345
212.739212
212.017075
211.290070
210.558151
209.821503
209.080215
208.334167
207.583572
206.828415
206.068817
205.304718
204.536423
203.763718
202.986771
202.205765
201.420593
200.631500
199.838196
199.041168
198.240219
197.435547
196.627060
195.814774
194.999161
194.179886
193.357101
192.531052
191.701569
190.868622
190.032562
189.193283
188.350937
187.505692
186.657166
185.805893
184.951706
184.094833
183.235031
182.372635
181.507568
180.639984
179.769943
178.897522
178.022552
177.145370
176.266037
175.384308
174.500534
173.614578
172.726837
171.836914
170.945251
170.051666
169.156296
168.259506
167.360611
166.460342
165.558502
164.655273
163.750565
162.844574
161.937195
161.028534
160.118790
159.207932
158.295929
157.382828
156.468964
155.554108
154.638351
153.721985
152.804855
151.886993
150.968643
150.049576
149.130112
148.210175
147.289856
146.369156
145.448227
144.527115
143.605881
142.684433
141.762955
140.841553
139.920151
138.998795
138.077774
137.156830
136.236176
135.315918
134.395950
133.476440
132.557327
131.638885
130.720963
129.803726
128.887146
127.971382
127.056313
126.142052
125.228745
124.316368
123.404953
122.494629
121.585358
120.677208
119.770279
118.864632
117.960159
117.057083
116.155365
115.255089
114.356277
113.458969
112.563263
111.669174
110.776703
109.885902
108.996941
108.109680
107.224350
106.340858
105.459267
104.579636
103.702034
102.826492
101.953049
101.081741
100.212616
99.345764
98.481094
97.618797
96.758858
95.901199
95.046074
94.193314
93.343155
92.495491
91.650436
90.807953
89.968170
89.131035
88.296638
87.465088
86.636307
85.810379
84.987259
84.167076
83.349915
82.535660
81.724411
80.916313
80.111176
79.309212
78.510445
77.714844
76.922394
76.133217
75.347351
74.564751
73.785522
73.009659
72.237144
71.468079
70.702492
69.940399
69.181862
68.426804
67.675331
66.927429
66.183159
65.442558
64.705597
63.972401
63.242878
62.517124
61.795155
61.076954
60.362621
59.652054
58.945438
58.242672
57.543854
56.848934
56.157986
55.470997
54.787987
54.109055
53.434113
52.763237
52.096443
51.433731
50.775146
50.120647
49.470348
48.824165
48.182175
47.544384
46.910805
46.281441
45.656334
45.035419
44.418816
43.806503
43.198467
42.594749
41.995323
41.400253
40.809509
40.223129
39.641094
39.063446
38.490189
37.921318
37.356861
36.796776
36.241135
35.689945
35.143135
34.600765
34.062897
33.529434
33.000427
32.475910
31.955864
31.440281
30.929165
30.422520
29.920387
29.422735
28.929565
28.440891
27.956705
27.477026
27.001827
26.531132
26.064939
25.603233
25.146019
24.693306
24.245089
23.801365
23.362120
22.927353
22.497082
22.071289
21.649973
21.233120
20.820745
20.412823
20.009361
19.610346
19.215784
18.825655
18.439959
18.058693
17.681829
17.309381
16.941330
16.577665
16.218393
15.863486
15.512949
15.166758
14.824910
14.487394
14.154193
13.825305
13.500708
13.180395
12.864350
12.552572
12.245028
11.941713
11.642622
11.347726
11.057017
10.770476
10.488094
10.209849
9.935726
9.665710
9.399785
9.137926
8.880127
8.626366
8.376617
8.130871
7.889100
7.651293
7.417426
7.187485
6.961438
6.739274
6.520969
6.306503
6.095855
5.888999
5.685919
5.486584
5.290981
5.099079
4.910861
4.726296
4.545367
4.368047
4.194311
4.024135
3.857491
3.694356
3.534705
3.378510
3.225748
3.076389
2.930409
2.787778
2.648470
2.512458
2.379712
2.250208
2.123914
2.000801
1.880842
1.764007
1.650267
1.539591
1.431951
1.327317
1.225655
1.126939
1.031135
0.938213
0.848142
0.760890
0.676424
0.594714
0.515728
0.439431
0.365793
0.294779
0.226358
0.160495
0.097158
0.036311
-0.022077
-0.078042
-0.131618
-0.182839
-0.231739
-0.278355
-0.322719
-0.364869
-0.404839
-0.442665
-0.478382
-0.512026
-0.543633
-0.573240
-0.600883
-0.626597
-0.650421
-0.672391
-0.692543
-0.710915
-0.727543
-0.742466
-0.755722
-0.767345
-0.777377
-0.785853
-0.792813
-0.798293
-0.802333
-0.804971
-0.806245
-0.806193
-0.804855
-0.802269
-0.798474
-0.793509
-0.787412
-0.780224
-0.771983
-0.762729
-0.752501
-0.741339
-0.729281
-0.716368
-0.702639
-0.688134
-0.672893
-0.656955
-0.640361
-0.623151
-0.605363
-0.587039
-0.568219
-0.548943
-0.529250
-0.509181
-0.488776
-0.468076
-0.447121
-0.425950
-0.404605
-0.383126
-0.361552
-0.339925
-0.318284
-0.296670
-0.275124
-0.253685
-0.232393
-0.211291
-0.190416
-0.169810
-0.149513
-0.129566
-0.110008
-0.090879
-0.072220
-0.054071
-0.036471
-0.019462
-0.003082
0.012627
0.027628
0.041879
0.055340
0.067973
0.079738
0.090594
0.100503
0.109425
0.117322
0.124152
0.129878
0.134460
0.137860
0.140038
0.140956
0.140574
0.138855
0.135760
0.131251
0.125289
0.117835
0.108853
0.098304
0.086151
0.072355
0.056879
0.039687
0.020739
