-0.000000
0.000905
0.002675
0.005272
0.008657
0.012789
0.017630
0.023140
0.029280
0.036010
0.043290
0.051082
0.059344
0.068039
0.077125
0.086563
0.096313
0.106336
0.116592
0.127040
0.137641
0.148355
0.159142
0.169963
0.180776
0.191543
0.202224
0.212778
0.223166
0.233348
0.243283
0.252933
0.262257
0.271216
0.279769
0.287878
0.295502
0.302601
0.309137
0.315069
0.320358
0.324964
0.328849
0.331972
0.334295
0.335778
0.336382
0.336068
0.334796
0.332529
0.329226
0.324850
0.319361
0.312721
0.304892
0.295834
0.285510
0.273881
0.260909
0.246556
0.230784
0.213556
0.194833
0.174578
0.152754
0.129323
0.104248
0.077492
0.049018
0.018789
-0.013231
-0.047080
-0.082793
-0.120407
-0.159958
-0.201482
-0.245014
-0.290590
-0.338246
-0.388017
-0.439938
-0.494044
-0.550370
-0.608951
-0.669821
-0.733013
-0.798563
-0.866504
-0.936870
-1.009695
-1.085011
-1.162852
-1.243250
-1.326239
-1.411851
-1.500117
-1.591072
-1.684745
-1.781169
-1.880375
-1.982394
-2.087258
-2.194997
-2.305642
-2.419222
-2.535769
-2.655311
-2.777878
-2.903501
-3.032206
-3.164025
-3.298985
-3.437114
-3.578441
-3.722993
-3.870798
-4.021884
-4.176276
-4.334003
-4.495091
-4.659565
-4.827452
-4.998777
-5.173566
-5.351844
-5.533636
-5.718965
-5.907858
-6.100337
-6.296426
-6.496148
-6.699528
-6.906586
-7.117347
-7.331831
-7.550062
-7.772060
-7.997846
-8.227443
-8.460869
-8.698147
-8.939294
-9.184333
-9.433281
-9.686157
-9.942981
-10.203771
-10.468544
-10.737320
-11.010114
-11.286944
-11.567827
-11.852779
-12.141816
-12.434954
-12.732208
-13.033594
-13.339126
-13.648817
-13.962683
-14.280737
-14.602992
-14.929461
-15.260157
-15.595091
-15.934276
-16.277723
-16.625444
-16.977448
-17.333747
-17.694350
-18.059268
-18.428508
-18.802082
-19.179996
-19.562259
-19.948879
-20.339863
-20.735219
-21.134953
-21.539071
-21.947580
-22.360484
-22.777789
-23.199501
-23.625622
-24.056158
-24.491111
-24.930486
-25.374284
-25.822509
-26.275163
-26.732246
-27.193761
-27.659709
-28.130089
-28.604903
-29.084149
-29.567827
-30.055937
-30.548476
-31.045442
-31.546835
-32.052650
-32.562884
-33.077535
-33.596599
-34.120071
-34.647946
-35.180220
-35.716887
-36.257941
-36.803377
-37.353186
-37.907363
-38.465900
-39.028789
-39.596021
-40.167588
-40.743482
-41.323691
-41.908208
-42.497020
-43.090118
-43.687491
-44.289127
-44.895014
-45.505139
-46.119491
-46.738056
-47.360820
-47.987769
-48.618890
-49.254167
-49.893585
-50.537129
-51.184783
-51.836531
-52.492355
-53.152238
-53.816164
-54.484113
-55.156068
-55.832010
-56.511920
-57.195778
-57.883564
-58.575257
-59.270838
-59.970285
-60.673576
-61.380689
-62.091603
-62.806293
-63.524738
-64.246913
-64.972795
-65.702360
-66.435581
-67.172436
-67.912897
-68.656940
-69.404537
-70.155663
-70.910289
-71.668389
-72.429936
-73.194899
-73.963252
-74.734965
-75.510009
-76.288354
-77.069970
-77.854826
-78.642891
-79.434135
-80.228526
-81.026032
-81.826619
-82.630257
-83.436911
-84.246548
-85.059135
-85.874637
-86.693019
-87.514247
-88.338285
-89.165098
-89.994650
-90.826904
-91.661824
-92.499372
-93.339512
-94.182206
-95.027414
-95.875100
-96.725224
-97.577748
-98.432631
-99.289833
-100.149316
-101.011037
-101.874957
-102.741035
-103.609228
-104.479495
-105.351794
-106.226082
-107.102317
-107.980456
-108.860455
-109.742271
-110.625859
-111.511175
-112.398174
-113.286812
-114.177044
-115.068823
-115.962104
-116.856840
-117.752986
-118.650494
-119.549318
-120.449410
-121.350722
-122.253207
-123.156816
-124.061501
-124.967214
-125.873905
-126.781524
-127.690023
-128.599351
-129.509459
-130.420296
-131.331812
-132.243955
-133.156675
-134.069919
-134.983638
-135.897778
-136.812287
-137.727114
-138.642206
-139.557509
-140.472971
-141.388538
-142.304158
-143.219775
-144.135337
-145.050789
-145.966077
-146.881145
-147.795940
-148.710406
-149.624488
-150.538131
-151.451279
-152.363876
-153.275866
-154.187192
-155.097800
-156.007631
-156.916629
-157.824738
-158.731899
-159.638057
-160.543153
-161.447130
-162.349930
-163.251494
-164.151766
-165.050687
-165.948198
-166.844241
-167.738756
-168.631687
-169.522972
-170.412554
-171.300373
-172.186370
-173.070485
-173.952658
-174.832831
-175.710942
-176.586933
-177.460743
-178.332312
-179.201580
-180.068487
-180.932971
-181.794973
-182.654432
-183.511287
-184.365478
-185.216944
-186.065623
-186.911455
-187.754378
-188.594333
-189.431257
-190.265089
-191.095768
-191.923232
-192.747421
-193.568273
-194.385727
-195.199720
-196.010192
-196.817081
-197.620325
-198.419863
-199.215633
-200.007574
-200.795625
-201.579722
-202.359806
-203.135813
-203.907684
-204.675355
-205.438766
-206.197855
-206.952560
-207.702820
-208.448573
-209.189759
-209.926315
-210.658180
-211.385293
-212.107592
-212.825017
-213.537505
-214.244997
-214.947431
-215.644745
-216.336880
-217.023774
-217.705366
-218.381595
-219.052402
-219.717725
-220.377505
-221.031680
-221.680191
-222.322977
-222.959978
-223.591135
-224.216387
-224.835675
-225.448940
-226.056122
-226.657161
-227.251999
-227.840576
-228.422833
-228.998712
-229.568155
-230.131102
-230.687495
-231.237276
-231.780388
-232.316772
-232.846371
-233.369127
-233.884983
-234.393882
-234.895767
-235.390581
-235.878267
-236.358770
-236.832033
-237.298000
-237.756616
-238.207824
-238.651571
-239.087799
-239.516455
-239.937484
-240.350831
-240.756443
-241.154265
-241.544244
-241.926326
-242.300458
-242.666587
-243.024660
-243.374624
-243.716429
-244.050021
-244.375348
-244.692361
-245.001007
-245.301235
-245.592996
-245.876238
-246.150912
-246.416968
-246.674357
-246.923029
-247.162936
-247.394030
-247.616261
-247.829583
-248.033948
-248.229308
-248.415617
-248.592828
-248.760894
-248.919771
-249.069412
-249.209772
-249.340807
-249.462471
-249.574721
-249.677512
-249.770802
-249.854547
-249.928704
-249.993232
-250.048087
-250.093229
-250.128616
-250.154207
-250.169963
-250.175842
-250.171804
-250.157812
-250.133825
-250.099806
-250.055716
-250.001517
-249.937172
-249.862645
-249.777898
-249.682896
-249.577603
-249.461984
-249.336003
-249.199628
-249.052823
-248.895555
-248.727792
-248.549500
-248.360648
-248.161203
-247.951135
-247.730412
-247.499004
-247.256882
-247.004015
-246.740375
-246.465934
-246.180663
-245.884534
-245.577521
-245.259597
-244.930736
-244.590912
-244.240099
-243.878274
-243.505412
-243.121489
-242.726482
-242.320369
-241.903126
-241.474733
-241.035168
-240.584410
-240.122439
-239.649236
-239.164781
-238.669056
-238.162042
-237.643722
-237.114078
-236.573095
-236.020755
-235.457044
-234.881946
-234.295447
-233.697534
-233.088191
-232.467408
-231.835170
-231.191468
-230.536288
-229.869622
-229.191457
-228.501786
-227.800598
-227.087886
-226.363641
-225.627856
-224.880524
-224.121639
-223.351195
-222.569188
-221.775611
-220.970462
-220.153737
-219.325433
-218.485548
-217.634080
-216.771028
-215.896392
-215.010170
-214.112365
-213.202976
-212.282006
-211.349458
-210.405333
-209.449636
-208.482370
-207.503541
-206.513152
-205.511212
-204.497725
-203.472698
-202.436140
-201.388059
-200.328463
-199.257361
-198.174764
-197.080683
-195.975128
-194.858111
-193.729644
-192.589742
-191.438416
-190.275682
-189.101554
-187.916048
-186.719179
-185.510964
-184.291420
-183.060566
-181.818419
-180.564999
-179.300325
-178.024417
-176.737297
-175.438985
-174.129504
-172.808876
-171.477125
-170.134275
-168.780350
-167.415375
-166.039376
-164.652379
-163.254411
-161.845500
-160.425673
-158.994960
-157.553391
-156.100994
-154.637800
-153.163841
-151.679149
-150.183756
-148.677694
-147.160998
-145.633702
-144.095841
-142.547449
-140.988564
-139.419222
-137.839460
-136.249315
-134.648828
-133.038035
-131.416978
-129.785697
-128.144231
-126.492624
-124.830917
-123.159153
-121.477374
-119.785626
-118.083951
-116.372397
-114.651007
-112.919829
-111.178909
-109.428296
-107.668036
-105.898178
-104.118772
-102.329868
-100.531516
-98.723767
-96.906673
-95.080285
-93.244657
-91.399842
-89.545894
-87.682867
-85.810816
-83.929797
-82.039867
-80.141082
-78.233499
-76.317177
-74.392173
-72.458548
-70.516360
-68.565670
-66.606538
-64.639026
-62.663197
-60.679111
-58.686832
-56.686425
-54.677952
-52.661479
-50.637070
-48.604792
-46.564710
-44.516892
-42.461405
-40.398316
-38.327695
-36.249610
-34.164130
-32.071326
-29.971268
-27.864028
-25.749676
-23.628285
-21.499928
-19.364678
-17.222607
-15.073792
-12.918305
-10.756222
-8.587620
-6.412573
-4.231160
-2.043456
0.150461
2.350512
4.556618
6.768701
8.986682
11.210479
13.440013
15.675202
17.915966
20.162222
22.413888
24.670880
26.933117
29.200513
31.472985
33.750448
36.032817
38.320007
40.611931
42.908503
45.209637
47.515244
49.825238
52.139531
54.458033
56.780656
59.107310
61.437906
63.772354
66.110563
68.452442
70.797899
73.146844
75.499184
77.854826
80.213677
82.575645
84.940636
87.308555
89.679309
92.052803
94.428941
96.807628
99.188769
101.572266
103.958025
106.345948
108.735938
111.127897
113.521728
115.917333
118.314612
120.713469
123.113802
125.515514
127.918504
130.322673
132.727920
135.134145
137.541247
139.949125
142.357677
144.766802
147.176398
149.586363
151.996595
154.406990
156.817446
159.227860
161.638128
164.048147
166.457812
168.867020
171.275666
173.683647
176.090856
178.497189
180.902541
183.306807
185.709880
188.111656
190.512028
192.910890
195.308135
197.703658
200.097352
202.489109
204.878824
207.266388
209.651694
212.034635
214.415104
216.792993
219.168193
221.540597
223.910098
226.276586
228.639953
231.000091
233.356892
235.710247
238.060047
240.406183
242.748546
245.087029
247.421520
249.751913
252.078096
254.399962
256.717400
259.030302
261.338559
263.642060
265.940696
268.234359
270.522938
272.806324
275.084408
277.357079
279.624230
281.885749
284.141528
286.391457
288.635427
290.873328
293.105051
295.330486
297.549525
299.762057
301.967974
304.167167
306.359526
308.544942
310.723307
312.894511
315.058446
317.215002
319.364072
321.505547
323.639317
325.765276
327.883315
329.993325
332.095199
334.188828
336.274106
338.350924
340.419175
342.478751
344.529547
346.571454
348.604365
350.628175
352.642777
354.648064
356.643930
358.630270
360.606978
362.573947
364.531074
366.478252
368.415377
370.342345
372.259050
374.165389
376.061258
377.946552
379.821170
381.685006
383.537959
385.379926
387.210804
389.030491
390.838885
392.635885
394.421390
396.195298
397.957508
399.707921
401.446437
403.172955
404.887376
406.589601
408.279531
409.957069
411.622114
413.274571
414.914342
416.541329
418.155436
419.756567
421.344625
422.919515
424.481143
426.029412
427.564229
429.085500
430.593131
432.087030
433.567102
435.033256
436.485401
437.923443
439.347294
440.756861
442.152054
443.532785
444.898963
446.250499
447.587306
448.909296
450.216381
451.508474
452.785488
454.047339
455.293939
456.525205
457.741051
458.941395
460.126151
461.295238
462.448573
463.586074
464.707659
465.813249
466.902761
467.976118
469.033239
470.074045
471.098460
472.106404
473.097802
474.072577
475.030652
475.971954
476.896406
477.803935
478.694468
479.567931
480.424253
481.263361
482.085185
482.889654
483.676698
484.446248
485.198236
485.932593
486.649252
487.348147
488.029211
488.692379
489.337587
489.964770
490.573865
491.164808
491.737539
492.291996
492.828117
493.345843
493.845114
494.325872
494.788059
495.231618
495.656491
496.062623
496.449959
496.818444
497.168025
497.498649
497.810262
498.102814
498.376254
498.630532
498.865598
499.081403
499.277900
499.455041
499.612781
499.751072
499.869872
499.969134
500.048817
500.108877
500.149273
500.169963
500.149273
500.108877
500.048817
499.969134
499.869872
499.751072
499.612781
499.455041
499.277900
499.081403
498.865598
498.630532
498.376254
498.102814
497.810262
497.498649
497.168025
496.818444
496.449959
496.062623
495.656491
495.231618
494.788059
494.325872
493.845114
493.345843
492.828117
492.291996
491.737539
491.164808
490.573865
489.964770
489.337587
488.692379
488.029211
487.348147
486.649252
485.932593
485.198236
484.446248
483.676698
482.889654
482.085185
481.263361
480.424253
479.567931
478.694468
477.803935
476.896406
475.971954
475.030652
474.072577
473.097802
472.106404
471.098460
470.074045
469.033239
467.976118
466.902761
465.813249
464.707659
463.586074
462.448573
461.295238
460.126151
458.941395
457.741051
456.525205
455.293939
454.047339
452.785488
451.508474
450.216381
448.909296
447.587306
446.250499
444.898963
443.532785
442.152054
440.756861
439.347294
437.923443
436.485401
435.033256
433.567102
432.087030
430.593131
429.085500
427.564229
426.029412
424.481143
422.919515
421.344625
419.756567
418.155436
416.541329
414.914342
413.274571
411.622114
409.957069
408.279531
406.589601
404.887376
403.172955
401.446437
399.707921
397.957508
396.195298
394.421390
392.635885
390.838885
389.030491
387.210804
385.379926
383.537959
381.685006
379.821170
377.946552
376.061258
374.165389
372.259050
370.342345
368.415377
366.478252
364.531074
362.573947
360.606978
358.630270
356.643930
354.648064
352.642777
350.628175
348.604365
346.571454
344.529547
342.478751
340.419175
338.350924
336.274106
334.188828
332.095199
329.993325
327.883315
325.765276
323.639317
321.505547
319.364072
317.215002
315.058446
312.894511
310.723307
308.544942
306.359526
304.167167
301.967974
299.762057
297.549525
295.330486
293.105051
290.873328
288.635427
286.391457
284.141528
281.885749
279.624230
277.357079
275.084408
272.806324
270.522938
268.234359
265.940696
263.642060
261.338559
259.030302
256.717400
254.399962
252.078096
249.751913
247.421520
245.087029
242.748546
240.406183
238.060047
235.710247
233.356892
231.000091
228.639953
226.276586
223.910098
221.540597
219.168193
216.792993
214.415104
212.034635
209.651694
207.266388
204.878824
202.489109
200.097352
197.703658
195.308135
192.910890
190.512028
188.111656
185.709880
183.306807
180.902541
178.497189
176.090856
173.683647
171.275666
168.867020
166.457812
164.048147
161.638128
159.227860
156.817446
154.406990
151.996595
149.586363
147.176398
144.766802
142.357677
139.949125
137.541247
135.134145
132.727920
130.322673
127.918504
125.515514
123.113802
120.713469
118.314612
115.917333
113.521728
111.127897
108.735938
106.345948
103.958025
101.572266
99.188769
96.807628
94.428941
92.052803
89.679309
87.308555
84.940636
82.575645
80.213677
77.854826
75.499184
73.146844
70.797899
68.452442
66.110563
63.772354
61.437906
59.107310
56.780656
54.458033
52.139531
49.825238
47.515244
45.209637
42.908503
40.611931
38.320007
36.032817
33.750448
31.472985
29.200513
26.933117
24.670880
22.413888
20.162222
17.915966
15.675202
13.440013
11.210479
8.986682
6.768701
4.556618
2.350512
0.150461
-2.043456
-4.231160
-6.412573
-8.587620
-10.756222
-12.918305
-15.073792
-17.222607
-19.364678
-21.499928
-23.628285
-25.749676
-27.864028
-29.971268
-32.071326
-34.164130
-36.249610
-38.327695
-40.398316
-42.461405
-44.516892
-46.564710
-48.604792
-50.637070
-52.661479
-54.677952
-56.686425
-58.686832
-60.679111
-62.663197
-64.639026
-66.606538
-68.565670
-70.516360
-72.458548
-74.392173
-76.317177
-78.233499
-80.141082
-82.039867
-83.929797
-85.810816
-87.682867
-89.545894
-91.399842
-93.244657
-95.080285
-96.906673
-98.723767
-100.531516
-102.329868
-104.118772
-105.898178
-107.668036
-109.428296
-111.178909
-112.919829
-114.651007
-116.372397
-118.083951
-119.785626
-121.477374
-123.159153
-124.830917
-126.492624
-128.144231
-129.785697
-131.416978
-133.038035
-134.648828
-136.249315
-137.839460
-139.419222
-140.988564
-142.547449
-144.095841
-145.633702
-147.160998
-148.677694
-150.183756
-151.679149
-153.163841
-154.637800
-156.100994
-157.553391
-158.994960
-160.425673
-161.845500
-163.254411
-164.652379
-166.039376
-167.415375
-168.780350
-170.134275
-171.477125
-172.808876
-174.129504
-175.438985
-176.737297
-178.024417
-179.300325
-180.564999
-181.818419
-183.060566
-184.291420
-185.510964
-186.719179
-187.916048
-189.101554
-190.275682
-191.438416
-192.589742
-193.729644
-194.858111
-195.975128
-197.080683
-198.174764
-199.257361
-200.328463
-201.388059
-202.436140
-203.472698
-204.497725
-205.511212
-206.513152
-207.503541
-208.482370
-209.449636
-210.405333
-211.349458
-212.282006
-213.202976
-214.112365
-215.010170
-215.896392
-216.771028
-217.634080
-218.485548
-219.325433
-220.153737
-220.970462
-221.775611
-222.569188
-223.351195
-224.121639
-224.880524
-225.627856
-226.363641
-227.087886
-227.800598
-228.501786
-229.191457
-229.869622
-230.536288
-231.191468
-231.835170
-232.467408
-233.088191
-233.697534
-234.295447
-234.881946
-235.457044
-236.020755
-236.573095
-237.114078
-237.643722
-238.162042
-238.669056
-239.164781
-239.649236
-240.122439
-240.584410
-241.035168
-241.474733
-241.903126
-242.320369
-242.726482
-243.121489
-243.505412
-243.878274
-244.240099
-244.590912
-244.930736
-245.259597
-245.577521
-245.884534
-246.180663
-246.465934
-246.740375
-247.004015
-247.256882
-247.499004
-247.730412
-247.951135
-248.161203
-248.360648
-248.549500
-248.727792
-248.895555
-249.052823
-249.199628
-249.336003
-249.461984
-249.577603
-249.682896
-249.777898
-249.862645
-249.937172
-250.001517
-250.055716
-250.099806
-250.133825
-250.157812
-250.171804
-250.175842
-250.169963
-250.154207
-250.128616
-250.093229
-250.048087
-249.993232
-249.928704
-249.854547
-249.770802
-249.677512
-249.574721
-249.462471
-249.340807
-249.209772
-249.069412
-248.919771
-248.760894
-248.592828
-248.415617
-248.229308
-248.033948
-247.829583
-247.616261
-247.394030
-247.162936
-246.923029
-246.674357
-246.416968
-246.150912
-245.876238
-245.592996
-245.301235
-245.001007
-244.692361
-244.375348
-244.050021
-243.716429
-243.374624
-243.024660
-242.666587
-242.300458
-241.926326
-241.544244
-241.154265
-240.756443
-240.350831
-239.937484
-239.516455
-239.087799
-238.651571
-238.207824
-237.756616
-237.298000
-236.832033
-236.358770
-235.878267
-235.390581
-234.895767
-234.393882
-233.884983
-233.369127
-232.846371
-232.316772
-231.780388
-231.237276
-230.687495
-230.131102
-229.568155
-228.998712
-228.422833
-227.840576
-227.251999
-226.657161
-226.056122
-225.448940
-224.835675
-224.216387
-223.591135
-222.959978
-222.322977
-221.680191
-221.031680
-220.377505
-219.717725
-219.052402
-218.381595
-217.705366
-217.023774
-216.336880
-215.644745
-214.947431
-214.244997
-213.537505
-212.825017
-212.107592
-211.385293
-210.658180
-209.926315
-209.189759
-208.448573
-207.702820
-206.952560
-206.197855
-205.438766
-204.675355
-203.907684
-203.135813
-202.359806
-201.579722
-200.795625
-200.007574
-199.215633
-198.419863
-197.620325
-196.817081
-196.010192
-195.199720
-194.385727
-193.568273
-192.747421
-191.923232
-191.095768
-190.265089
-189.431257
-188.594333
-187.754378
-186.911455
-186.065623
-185.216944
-184.365478
-183.511287
-182.654432
-181.794973
-180.932971
-180.068487
-179.201580
-178.332312
-177.460743
-176.586933
-175.710942
-174.832831
-173.952658
-173.070485
-172.186370
-171.300373
-170.412554
-169.522972
-168.631687
-167.738756
-166.844241
-165.948198
-165.050687
-164.151766
-163.251494
-162.349930
-161.447130
-160.543153
-159.638057
-158.731899
-157.824738
-156.916629
-156.007631
-155.097800
-154.187192
-153.275866
-152.363876
-151.451279
-150.538131
-149.624488
-148.710406
-147.795940
-146.881145
-145.966077
-145.050789
-144.135337
-143.219775
-142.304158
-141.388538
-140.472971
-139.557509
-138.642206
-137.727114
-136.812287
-135.897778
-134.983638
-134.069919
-133.156675
-132.243955
-131.331812
-130.420296
-129.509459
-128.599351
-127.690023
-126.781524
-125.873905
-124.967214
-124.061501
-123.156816
-122.253207
-121.350722
-120.449410
-119.549318
-118.650494
-117.752986
-116.856840
-115.962104
-115.068823
-114.177044
-113.286812
-112.398174
-111.511175
-110.625859
-109.742271
-108.860455
-107.980456
-107.102317
-106.226082
-105.351794
-104.479495
-103.609228
-102.741035
-101.874957
-101.011037
-100.149316
-99.289833
-98.432631
-97.577748
-96.725224
-95.875100
-95.027414
-94.182206
-93.339512
-92.499372
-91.661824
-90.826904
-89.994650
-89.165098
-88.338285
-87.514247
-86.693019
-85.874637
-85.059135
-84.246548
-83.436911
-82.630257
-81.826619
-81.026032
-80.228526
-79.434135
-78.642891
-77.854826
-77.069970
-76.288354
-75.510009
-74.734965
-73.963252
-73.194899
-72.429936
-71.668389
-70.910289
-70.155663
-69.404537
-68.656940
-67.912897
-67.172436
-66.435581
-65.702360
-64.972795
-64.246913
-63.524738
-62.806293
-62.091603
-61.380689
-60.673576
-59.970285
-59.270838
-58.575257
-57.883564
-57.195778
-56.511920
-55.832010
-55.156068
-54.484113
-53.816164
-53.152238
-52.492355
-51.836531
-51.184783
-50.537129
-49.893585
-49.254167
-48.618890
-47.987769
-47.360820
-46.738056
-46.119491
-45.505139
-44.895014
-44.289127
-43.687491
-43.090118
-42.497020
-41.908208
-41.323691
-40.743482
-40.167588
-39.596021
-39.028789
-38.465900
-37.907363
-37.353186
-36.803377
-36.257941
-35.716887
-35.180220
-34.647946
-34.120071
-33.596599
-33.077535
-32.562884
-32.052650
-31.546835
-31.045442
-30.548476
-30.055937
-29.567827
-29.084149
-28.604903
-28.130089
-27.659709
-27.193761
-26.732246
-26.275163
-25.822509
-25.374284
-24.930486
-24.491111
-24.056158
-23.625622
-23.199501
-22.777789
-22.360484
-21.947580
-21.539071
-21.134953
-20.735219
-20.339863
-19.948879
-19.562259
-19.179996
-18.802082
-18.428508
-18.059268
-17.694350
-17.333747
-16.977448
-16.625444
-16.277723
-15.934276
-15.595091
-15.260157
-14.929461
-14.602992
-14.280737
-13.962683
-13.648817
-13.339126
-13.033594
-12.732208
-12.434954
-12.141816
-11.852779
-11.567827
-11.286944
-11.010114
-10.737320
-10.468544
-10.203771
-9.942981
-9.686157
-9.433281
-9.184333
-8.939294
-8.698147
-8.460869
-8.227443
-7.997846
-7.772060
-7.550062
-7.331831
-7.117347
-6.906586
-6.699528
-6.496148
-6.296426
-6.100337
-5.907858
-5.718965
-5.533636
-5.351844
-5.173566
-4.998777
-4.827452
-4.659565
-4.495091
-4.334003
-4.176276
-4.021884
-3.870798
-3.722993
-3.578441
-3.437114
-3.298985
-3.164025
-3.032206
-2.903501
-2.777878
-2.655311
-2.535769
-2.419222
-2.305642
-2.194997
-2.087258
-1.982394
-1.880375
-1.781169
-1.684745
-1.591072
-1.500117
-1.411851
-1.326239
-1.243250
-1.162852
-1.085011
-1.009695
-0.936870
-0.866504
-0.798563
-0.733013
-0.669821
-0.608951
-0.550370
-0.494044
-0.439938
-0.388017
-0.338246
-0.290590
-0.245014
-0.201482
-0.159958
-0.120407
-0.082793
-0.047080
-0.013231
0.018789
0.049018
0.077492
0.104248
0.129323
0.152754
0.174578
0.194833
0.213556
0.230784
0.246556
0.260909
0.273881
0.285510
0.295834
0.304892
0.312721
0.319361
0.324850
0.329226
0.332529
0.334796
0.336068
0.336382
0.335778
0.334295
0.331972
0.328849
0.324964
0.320358
0.315069
0.309137
0.302601
0.295502
0.287878
0.279769
0.271216
0.262257
0.252933
0.243283
0.233348
0.223166
0.212778
0.202224
0.191543
0.180776
0.169963
0.159142
0.148355
0.137641
0.127040
0.116592
0.106336
0.096313
0.086563
0.077125
0.068039
0.059344
0.051082
0.043290
0.036010
0.029280
0.023140
0.017630
0.012789
0.008657
0.005272
0.002675
0.000905
-0.000000
