0.000000
0.000905
0.002675
0.005272
0.008657
0.012789
0.017630
0.023140
0.029280
0.036010
0.043290
0.051082
0.059344
0.068039
0.077125
0.086563
0.096313
0.106336
0.116591
0.127040
0.137641
0.148355
0.159142
0.169962
0.180776
0.191543
0.202224
0.212778
0.223166
0.233347
0.243283
0.252933
0.262257
0.271216
0.279769
0.287878
0.295501
0.302601
0.309136
0.315068
0.320358
0.324964
0.328849
0.331972
0.334295
0.335778
0.336382
0.336068
0.334796
0.332529
0.329226
0.324850
0.319361
0.312721
0.304892
0.295834
0.285510
0.273881
0.260909
0.246556
0.230784
0.213556
0.194833
0.174579
0.152754
0.129324
0.104249
0.077492
0.049018
0.018789
-0.013231
-0.047080
-0.082793
-0.120407
-0.159958
-0.201481
-0.245013
-0.290590
-0.338246
-0.388016
-0.439938
-0.494044
-0.550371
-0.608951
-0.669820
-0.733013
-0.798562
-0.866504
-0.936870
-1.009695
-1.085010
-1.162851
-1.243250
-1.326238
-1.411850
-1.500117
-1.591071
-1.684744
-1.781169
-1.880375
-1.982395
-2.087259
-2.194996
-2.305641
-2.419222
-2.535769
-2.655310
-2.777877
-2.903500
-3.032205
-3.164025
-3.298984
-3.437113
-3.578439
-3.722991
-3.870797
-4.021884
-4.176276
-4.334002
-4.495089
-4.659563
-4.827451
-4.998775
-5.173566
-5.351844
-5.533634
-5.718964
-5.907857
-6.100336
-6.296424
-6.496149
-6.699526
-6.906583
-7.117342
-7.331831
-7.550061
-7.772061
-7.997848
-8.227441
-8.460873
-8.698146
-8.939294
-9.184334
-9.433283
-9.686157
-9.942982
-10.203769
-10.468541
-10.737318
-11.010115
-11.286943
-11.567826
-11.852779
-12.141813
-12.434954
-12.732207
-13.033596
-13.339121
-13.648816
-13.962685
-14.280732
-14.602992
-14.929456
-15.260159
-15.595086
-15.934275
-16.277721
-16.625443
-16.977449
-17.333738
-17.694349
-18.059259
-18.428509
-18.802084
-19.179993
-19.562265
-19.948874
-20.339863
-20.735214
-21.134947
-21.539066
-21.947577
-22.360485
-22.777784
-23.199495
-23.625620
-24.056152
-24.491104
-24.930487
-25.374290
-25.822506
-26.275158
-26.732239
-27.193766
-27.659712
-28.130081
-28.604898
-29.084150
-29.567823
-30.055931
-30.548468
-31.045441
-31.546827
-32.052650
-32.562889
-33.077538
-33.596615
-34.120071
-34.647938
-35.180222
-35.716892
-36.257927
-36.803383
-37.353214
-37.907360
-38.465897
-39.028801
-39.596031
-40.167580
-40.743462
-41.323673
-41.908211
-42.497005
-43.090107
-43.687481
-44.289131
-44.895004
-45.505142
-46.119469
-46.738045
-47.360847
-47.987774
-48.618896
-49.254158
-49.893574
-50.537117
-51.184788
-51.836510
-52.492363
-53.152229
-53.816151
-54.484089
-55.156052
-55.832001
-56.511887
-57.195774
-57.883564
-58.575256
-59.270840
-59.970264
-60.673569
-61.380653
-62.091614
-62.806259
-63.524738
-64.246902
-64.972809
-65.702377
-66.435555
-67.172440
-67.912888
-68.656929
-69.404572
-70.155663
-70.910324
-71.668365
-72.429901
-73.194855
-73.963226
-74.734978
-75.510025
-76.288338
-77.069977
-77.854805
-78.642899
-79.434174
-80.228539
-81.026009
-81.826576
-82.630280
-83.436874
-84.246552
-85.059158
-85.874603
-86.693016
-87.514282
-88.338303
-89.165085
-89.994606
-90.826889
-91.661835
-92.499367
-93.339531
-94.182220
-95.027420
-95.875076
-96.725250
-97.577728
-98.432678
-99.289848
-100.149284
-101.011040
-101.874908
-102.740997
-103.609192
-104.479462
-105.351768
-106.226074
-107.102318
-107.980484
-108.860481
-109.742241
-110.625877
-111.511147
-112.398186
-113.286835
-114.177040
-115.068794
-115.962097
-116.856834
-117.752975
-118.650497
-119.549301
-120.449448
-121.350708
-122.253181
-123.156815
-124.061523
-124.967194
-125.873909
-126.781525
-127.690010
-128.599365
-129.509506
-130.420288
-131.331787
-132.243866
-133.156647
-134.069824
-134.983643
-135.897781
-136.812317
-137.727097
-138.642212
-139.557541
-140.472900
-141.388550
-142.304184
-143.219757
-144.135330
-145.050812
-145.966064
-146.881119
-147.795944
-148.710434
-149.624527
-150.538177
-151.451294
-152.363983
-153.275879
-154.187210
-155.097794
-156.007523
-156.916626
-157.824768
-158.731857
-159.638107
-160.543228
-161.447144
-162.349915
-163.251526
-164.151810
-165.050659
-165.948166
-166.844147
-167.738693
-168.631607
-169.523087
-170.412460
-171.300323
-172.186356
-173.070419
-173.952728
-174.832748
-175.710968
-176.586960
-177.460861
-178.332321
-179.201538
-180.068542
-180.932938
-181.794891
-182.654358
-183.511292
-184.365494
-185.217026
-186.065598
-186.911438
-187.754333
-188.594437
-189.431213
-190.265060
-191.095779
-191.923248
-192.747559
-193.568359
-194.385681
-195.199692
-196.010193
-196.816971
-197.620346
-198.419922
-199.215637
-200.007599
-200.795593
-201.579834
-202.359802
-203.135818
-203.907639
-204.675400
-205.438812
-206.197845
-206.952591
-207.702835
-208.448593
-209.189789
-209.926361
-210.658142
-211.385269
-212.107605
-212.825027
-213.537521
-214.245010
-214.947433
-215.644745
-216.336777
-217.023743
-217.705338
-218.381607
-219.052429
-219.717743
-220.377457
-221.031723
-221.680252
-222.322983
-222.959976
-223.591171
-224.216476
-224.835693
-225.448868
-226.056152
-226.657242
-227.252075
-227.840439
-228.422836
-228.998581
-229.568192
-230.131210
-230.687454
-231.237274
-231.780457
-232.316818
-232.846375
-233.369125
-233.885010
-234.393860
-234.895691
-235.390640
-235.878220
-236.358795
-236.832001
-237.297989
-237.756622
-238.207809
-238.651657
-239.087814
-239.516434
-239.937515
-240.350784
-240.756454
-241.154297
-241.544296
-241.926285
-242.300476
-242.666611
-243.024704
-243.374664
-243.716400
-244.050003
-244.375336
-244.692383
-245.000977
-245.301300
-245.593033
-245.876175
-246.150909
-246.416916
-246.674393
-246.923019
-247.162949
-247.394073
-247.616318
-247.829636
-248.034012
-248.229263
-248.415726
-248.592819
-248.760880
-248.919708
-249.069397
-249.209747
-249.340775
-249.462433
-249.574661
-249.677399
-249.770874
-249.854630
-249.928711
-249.993210
-250.048218
-250.093277
-250.128616
-250.154312
-250.169907
-250.175949
-250.171814
-250.157867
-250.133957
-250.099792
-250.055725
-250.001587
-249.937271
-249.862549
-249.777817
-249.682861
-249.577545
-249.461975
-249.335983
-249.199554
-249.052811
-248.895523
-248.727921
-248.549469
-248.360703
-248.161270
-247.951202
-247.730484
-247.499023
-247.256851
-247.004059
-246.740311
-246.465942
-246.180588
-245.884537
-245.577591
-245.259537
-244.930786
-244.590927
-244.240051
-243.878250
-243.505447
-243.121582
-242.726547
-242.320389
-241.903091
-241.474777
-241.035187
-240.584396
-240.122375
-239.649216
-239.164719
-238.669067
-238.162094
-237.643753
-237.114075
-236.573090
-236.020737
-235.457062
-234.881927
-234.295547
-233.697495
-233.088150
-232.467438
-231.835159
-231.191437
-230.536316
-229.869705
-229.191483
-228.501740
-227.800720
-227.087952
-226.363541
-225.627869
-224.880386
-224.121735
-223.351273
-222.569229
-221.775574
-220.970444
-220.153885
-219.325485
-218.485504
-217.634094
-216.771042
-215.896454
-215.010162
-214.112381
-213.202972
-212.282013
-211.349503
-210.405304
-209.449554
-208.482376
-207.503540
-206.513168
-205.511215
-204.497787
-203.472702
-202.436035
-201.388062
-200.328491
-199.257324
-198.174866
-197.080673
-195.975174
-194.858093
-193.729721
-192.589813
-191.438370
-190.275696
-189.101639
-187.916168
-186.719162
-185.511017
-184.291412
-183.060638
-181.818481
-180.564896
-179.300323
-178.024384
-176.737320
-175.439056
-174.129669
-172.808823
-171.477142
-170.134216
-168.780228
-167.415405
-166.039337
-164.652390
-163.254364
-161.845612
-160.425674
-158.995071
-157.553284
-156.100952
-154.637878
-153.163803
-151.679108
-150.183716
-148.677795
-147.161041
-145.633804
-144.095764
-142.547562
-140.988571
-139.419205
-137.839340
-136.249191
-134.648956
-133.037888
-131.416946
-129.785614
-128.144241
-126.492561
-124.830872
-123.159111
-121.477432
-119.785652
-118.084045
-116.372368
-114.651054
-112.919846
-111.178871
-109.428200
-107.668037
-105.898209
-104.118721
-102.329956
-100.531517
-98.723747
-96.906700
-95.080292
-93.244553
-91.399826
-89.545883
-87.682884
-85.810844
-83.929787
-82.039795
-80.141098
-78.233574
-76.317101
-74.392250
-72.458549
-70.516335
-68.565742
-66.606567
-64.639015
-62.663155
-60.679035
-58.686802
-56.686428
-54.677929
-52.661484
-50.637074
-48.604759
-46.564713
-44.516922
-42.461449
-40.398354
-38.327637
-36.249626
-34.164169
-32.071327
-29.971233
-27.864061
-25.749693
-23.628246
-21.499952
-19.364664
-17.222588
-15.073773
-12.918324
-10.756218
-8.587661
-6.412601
-4.231212
-2.043444
0.150427
2.350484
4.556573
6.768708
8.986694
11.210442
13.440026
15.675198
17.915958
20.162228
22.413851
24.670847
26.933081
29.200520
31.472963
33.750454
36.032814
38.320007
40.611973
42.908493
45.209652
47.515244
49.825237
52.139553
54.458050
56.780643
59.107304
61.437885
63.772308
66.110535
68.452492
70.797913
73.146790
75.499222
77.854805
80.213669
82.575699
84.940651
87.308510
89.679268
92.052879
94.428894
96.807640
99.188805
101.572197
103.958008
106.346008
108.735992
111.127869
113.521675
115.917290
118.314636
120.713440
123.113831
125.515541
127.918510
130.322647
132.727905
135.134140
137.541290
139.949066
142.357651
144.766815
147.176346
149.586288
151.996658
154.406937
156.817413
159.227859
161.638138
164.048248
166.457825
168.866989
171.275742
173.683548
176.090820
178.497162
180.902512
183.306763
185.709869
188.111679
190.511932
192.910934
195.308090
197.703720
200.097366
202.489090
204.878830
207.266373
209.651657
212.034668
214.415192
216.793030
219.168121
221.540695
223.910034
226.276520
228.639771
230.999985
233.356766
235.710342
238.060074
240.406219
242.748550
245.087143
247.421448
249.751785
252.078247
254.399994
256.717316
259.030243
261.338562
263.642059
265.940979
268.234589
270.522858
272.806366
275.084290
277.357056
279.624115
281.885925
284.141907
286.391541
288.635468
290.873230
293.105225
295.330505
297.549286
299.762146
301.967743
304.167175
306.359711
308.544952
310.723389
312.894501
315.058258
317.215118
319.363953
321.505737
323.639374
325.765137
327.883331
329.993408
332.095276
334.188843
336.274292
338.350830
340.419464
342.478790
344.529510
346.571350
348.604370
350.628082
352.642517
354.648041
356.644043
358.630341
360.607056
362.574188
364.530884
366.478333
368.415375
370.342194
372.259216
374.165344
376.061493
377.946625
379.821320
381.684998
383.538116
385.379761
387.210785
389.030670
390.838806
392.636108
394.421448
396.195557
397.957672
399.707886
401.446320
403.172943
404.887451
406.589600
408.279541
409.956970
411.622040
413.274475
414.914276
416.541229
418.155396
419.756561
421.344666
422.919800
424.481110
426.029449
427.564178
429.085236
430.593170
432.087006
433.566986
435.033234
436.485352
437.923615
439.347321
440.756866
442.152008
443.532867
444.899078
446.250793
447.587311
448.909088
450.216370
451.508636
452.785553
454.047089
455.293762
456.525055
457.741028
458.941681
460.126160
461.295502
462.448578
463.586212
464.707428
465.813324
466.902679
467.976166
469.033142
470.074371
471.098328
472.106262
473.097900
474.072815
475.030731
475.972046
476.896484
477.803986
478.694305
479.567963
480.424194
481.263428
482.085266
482.889709
483.676636
484.446472
485.198242
485.932953
486.649139
487.348022
488.029236
488.692322
489.337616
489.964355
490.573578
491.164703
491.737579
492.292114
492.828430
493.346039
493.844849
494.326080
494.787781
495.231537
495.656555
496.062592
496.449768
496.818817
497.167999
497.498993
497.810028
498.102905
498.376129
498.630402
498.865936
499.081177
499.278076
499.455414
499.612671
499.751038
499.870087
499.969238
500.048676
500.108643
500.149536
500.170044
500.149536
500.108643
500.048676
499.969238
499.870087
499.751038
499.612671
499.455414
499.278076
499.081177
498.865936
498.630402
498.376129
498.102905
497.810028
497.498993
497.167999
496.818817
496.449768
496.062592
495.656555
495.231537
494.787781
494.326080
493.844849
493.346039
492.828430
492.292114
491.737579
491.164703
490.573578
489.964355
489.337616
488.692322
488.029236
487.348022
486.649139
485.932953
485.198242
484.446472
483.676636
482.889709
482.085266
481.263428
480.424194
479.567963
478.694305
477.803986
476.896484
475.972046
475.030731
474.072815
473.097900
472.106262
471.098328
470.074371
469.033142
467.976166
466.902679
465.813324
464.707428
463.586212
462.448578
461.295502
460.126160
458.941681
457.741028
456.525055
455.293762
454.047089
452.785553
451.508636
450.216370
448.909088
447.587311
446.250793
444.899078
443.532867
442.152008
440.756866
439.347321
437.923615
436.485352
435.033234
433.566986
432.087006
430.593170
429.085236
427.564178
426.029449
424.481110
422.919800
421.344666
419.756561
418.155396
416.541229
414.914276
413.274475
411.622040
409.956970
408.279541
406.589600
404.887451
403.172943
401.446320
399.707886
397.957672
396.195557
394.421448
392.636108
390.838806
389.030670
387.210785
385.379761
383.538116
381.684998
379.821320
377.946625
376.061493
374.165344
372.259216
370.342194
368.415375
366.478333
364.530884
362.574188
360.607056
358.630341
356.644043
354.648041
352.642517
350.628082
348.604370
346.571350
344.529510
342.478790
340.419464
338.350830
336.274292
334.188843
332.095276
329.993408
327.883331
325.765137
323.639374
321.505737
319.363953
317.215118
315.058258
312.894501
310.723389
308.544952
306.359711
304.167175
301.967743
299.762146
297.549286
295.330505
293.105225
290.873230
288.635468
286.391541
284.141907
281.885925
279.624115
277.357056
275.084290
272.806366
270.522858
268.234589
265.940979
263.642059
261.338562
259.030243
256.717316
254.399994
252.078247
249.751785
247.421448
245.087143
242.748550
240.406219
238.060074
235.710342
233.356766
230.999985
228.639771
226.276520
223.910034
221.540695
219.168121
216.793030
214.415192
212.034668
209.651657
207.266373
204.878830
202.489090
200.097366
197.703720
195.308090
192.910934
190.511932
188.111679
185.709869
183.306763
180.902512
178.497162
176.090820
173.683548
171.275742
168.866989
166.457825
164.048248
161.638138
159.227859
156.817413
154.406937
151.996658
149.586288
147.176346
144.766815
142.357651
139.949066
137.541290
135.134140
132.727905
130.322647
127.918510
125.515541
123.113831
120.713440
118.314636
115.917290
113.521675
111.127869
108.735992
106.346008
103.958008
101.572197
99.188805
96.807640
94.428894
92.052879
89.679268
87.308510
84.940651
82.575699
80.213669
77.854805
75.499222
73.146790
70.797913
68.452492
66.110535
63.772308
61.437885
59.107304
56.780643
54.458050
52.139553
49.825237
47.515244
45.209652
42.908493
40.611973
38.320007
36.032814
33.750454
31.472963
29.200520
26.933081
24.670847
22.413851
20.162228
17.915958
15.675198
13.440026
11.210442
8.986694
6.768708
4.556573
2.350484
0.150427
-2.043444
-4.231212
-6.412601
-8.587661
-10.756218
-12.918324
-15.073773
-17.222588
-19.364664
-21.499952
-23.628246
-25.749693
-27.864061
-29.971233
-32.071327
-34.164169
-36.249626
-38.327637
-40.398354
-42.461449
-44.516922
-46.564713
-48.604759
-50.637074
-52.661484
-54.677929
-56.686428
-58.686802
-60.679035
-62.663155
-64.639015
-66.606567
-68.565742
-70.516335
-72.458549
-74.392250
-76.317101
-78.233574
-80.141098
-82.039795
-83.929787
-85.810844
-87.682884
-89.545883
-91.399826
-93.244553
-95.080292
-96.906700
-98.723747
-100.531517
-102.329956
-104.118721
-105.898209
-107.668037
-109.428200
-111.178871
-112.919846
-114.651054
-116.372368
-118.084045
-119.785652
-121.477432
-123.159111
-124.830872
-126.492561
-128.144241
-129.785614
-131.416946
-133.037888
-134.648956
-136.249191
-137.839340
-139.419205
-140.988571
-142.547562
-144.095764
-145.633804
-147.161041
-148.677795
-150.183716
-151.679108
-153.163803
-154.637878
-156.100952
-157.553284
-158.995071
-160.425674
-161.845612
-163.254364
-164.652390
-166.039337
-167.415405
-168.780228
-170.134216
-171.477142
-172.808823
-174.129669
-175.439056
-176.737320
-178.024384
-179.300323
-180.564896
-181.818481
-183.060638
-184.291412
-185.511017
-186.719162
-187.916168
-189.101639
-190.275696
-191.438370
-192.589813
-193.729721
-194.858093
-195.975174
-197.080673
-198.174866
-199.257324
-200.328491
-201.388062
-202.436035
-203.472702
-204.497787
-205.511215
-206.513168
-207.503540
-208.482376
-209.449554
-210.405304
-211.349503
-212.282013
-213.202972
-214.112381
-215.010162
-215.896454
-216.771042
-217.634094
-218.485504
-219.325485
-220.153885
-220.970444
-221.775574
-222.569229
-223.351273
-224.121735
-224.880386
-225.627869
-226.363541
-227.087952
-227.800720
-228.501740
-229.191483
-229.869705
-230.536316
-231.191437
-231.835159
-232.467438
-233.088150
-233.697495
-234.295547
-234.881927
-235.457062
-236.020737
-236.573090
-237.114075
-237.643753
-238.162094
-238.669067
-239.164719
-239.649216
-240.122375
-240.584396
-241.035187
-241.474777
-241.903091
-242.320389
-242.726547
-243.121582
-243.505447
-243.878250
-244.240051
-244.590927
-244.930786
-245.259537
-245.577591
-245.884537
-246.180588
-246.465942
-246.740311
-247.004059
-247.256851
-247.499023
-247.730484
-247.951202
-248.161270
-248.360703
-248.549469
-248.727921
-248.895523
-249.052811
-249.199554
-249.335983
-249.461975
-249.577545
-249.682861
-249.777817
-249.862549
-249.937271
-250.001587
-250.055725
-250.099792
-250.133957
-250.157867
-250.171814
-250.175949
-250.169907
-250.154312
-250.128616
-250.093277
-250.048218
-249.993210
-249.928711
-249.854630
-249.770874
-249.677399
-249.574661
-249.462433
-249.340775
-249.209747
-249.069397
-248.919708
-248.760880
-248.592819
-248.415726
-248.229263
-248.034012
-247.829636
-247.616318
-247.394073
-247.162949
-246.923019
-246.674393
-246.416916
-246.150909
-245.876175
-245.593033
-245.301300
-245.000977
-244.692383
-244.375336
-244.050003
-243.716400
-243.374664
-243.024704
-242.666611
-242.300476
-241.926285
-241.544296
-241.154297
-240.756454
-240.350784
-239.937515
-239.516434
-239.087814
-238.651657
-238.207809
-237.756622
-237.297989
-236.832001
-236.358795
-235.878220
-235.390640
-234.895691
-234.393860
-233.885010
-233.369125
-232.846375
-232.316818
-231.780457
-231.237274
-230.687454
-230.131210
-229.568192
-228.998581
-228.422836
-227.840439
-227.252075
-226.657242
-226.056152
-225.448868
-224.835693
-224.216476
-223.591171
-222.959976
-222.322983
-221.680252
-221.031723
-220.377457
-219.717743
-219.052429
-218.381607
-217.705338
-217.023743
-216.336777
-215.644745
-214.947433
-214.245010
-213.537521
-212.825027
-212.107605
-211.385269
-210.658142
-209.926361
-209.189789
-208.448593
-207.702835
-206.952591
-206.197845
-205.438812
-204.675400
-203.907639
-203.135818
-202.359802
-201.579834
-200.795593
-200.007599
-199.215637
-198.419922
-197.620346
-196.816971
-196.010193
-195.199692
-194.385681
-193.568359
-192.747559
-191.923248
-191.095779
-190.265060
-189.431213
-188.594437
-187.754333
-186.911438
-186.065598
-185.217026
-184.365494
-183.511292
-182.654358
-181.794891
-180.932938
-180.068542
-179.201538
-178.332321
-177.460861
-176.586960
-175.710968
-174.832748
-173.952728
-173.070419
-172.186356
-171.300323
-170.412460
-169.523087
-168.631607
-167.738693
-166.844147
-165.948166
-165.050659
-164.151810
-163.251526
-162.349915
-161.447144
-160.543228
-159.638107
-158.731857
-157.824768
-156.916626
-156.007523
-155.097794
-154.187210
-153.275879
-152.363983
-151.451294
-150.538177
-149.624527
-148.710434
-147.795944
-146.881119
-145.966064
-145.050812
-144.135330
-143.219757
-142.304184
-141.388550
-140.472900
-139.557541
-138.642212
-137.727097
-136.812317
-135.897781
-134.983643
-134.069824
-133.156647
-132.243866
-131.331787
-130.420288
-129.509506
-128.599365
-127.690010
-126.781525
-125.873909
-124.967194
-124.061523
-123.156815
-122.253181
-121.350708
-120.449448
-119.549301
-118.650497
-117.752975
-116.856834
-115.962097
-115.068794
-114.177040
-113.286835
-112.398186
-111.511147
-110.625877
-109.742241
-108.860481
-107.980484
-107.102318
-106.226074
-105.351768
-104.479462
-103.609192
-102.740997
-101.874908
-101.011040
-100.149284
-99.289848
-98.432678
-97.577728
-96.725250
-95.875076
-95.027420
-94.182220
-93.339531
-92.499367
-91.661835
-90.826889
-89.994606
-89.165085
-88.338303
-87.514282
-86.693016
-85.874603
-85.059158
-84.246552
-83.436874
-82.630280
-81.826576
-81.026009
-80.228539
-79.434174
-78.642899
-77.854805
-77.069977
-76.288338
-75.510025
-74.734978
-73.963226
-73.194855
-72.429901
-71.668365
-70.910324
-70.155663
-69.404572
-68.656929
-67.912888
-67.172440
-66.435555
-65.702377
-64.972809
-64.246902
-63.524738
-62.806259
-62.091614
-61.380653
-60.673569
-59.970264
-59.270840
-58.575256
-57.883564
-57.195774
-56.511887
-55.832001
-55.156052
-54.484089
-53.816151
-53.152229
-52.492363
-51.836510
-51.184788
-50.537117
-49.893574
-49.254158
-48.618896
-47.987774
-47.360847
-46.738045
-46.119469
-45.505142
-44.895004
-44.289131
-43.687481
-43.090107
-42.497005
-41.908211
-41.323673
-40.743462
-40.167580
-39.596031
-39.028801
-38.465897
-37.907360
-37.353214
-36.803383
-36.257927
-35.716892
-35.180222
-34.647938
-34.120071
-33.596615
-33.077538
-32.562889
-32.052650
-31.546827
-31.045441
-30.548468
-30.055931
-29.567823
-29.084150
-28.604898
-28.130081
-27.659712
-27.193766
-26.732239
-26.275158
-25.822506
-25.374290
-24.930487
-24.491104
-24.056152
-23.625620
-23.199495
-22.777784
-22.360485
-21.947577
-21.539066
-21.134947
-20.735214
-20.339863
-19.948874
-19.562265
-19.179993
-18.802084
-18.428509
-18.059259
-17.694349
-17.333738
-16.977449
-16.625443
-16.277721
-15.934275
-15.595086
-15.260159
-14.929456
-14.602992
-14.280732
-13.962685
-13.648816
-13.339121
-13.033596
-12.732207
-12.434954
-12.141813
-11.852779
-11.567826
-11.286943
-11.010115
-10.737318
-10.468541
-10.203769
-9.942982
-9.686157
-9.433283
-9.184334
-8.939294
-8.698146
-8.460873
-8.227441
-7.997848
-7.772061
-7.550061
-7.331831
-7.117342
-6.906583
-6.699526
-6.496149
-6.296424
-6.100336
-5.907857
-5.718964
-5.533634
-5.351844
-5.173566
-4.998775
-4.827451
-4.659563
-4.495089
-4.334002
-4.176276
-4.021884
-3.870797
-3.722991
-3.578439
-3.437113
-3.298984
-3.164025
-3.032205
-2.903500
-2.777877
-2.655310
-2.535769
-2.419222
-2.305641
-2.194996
-2.087259
-1.982395
-1.880375
-1.781169
-1.684744
-1.591071
-1.500117
-1.411850
-1.326238
-1.243250
-1.162851
-1.085010
-1.009695
-0.936870
-0.866504
-0.798562
-0.733013
-0.669820
-0.608951
-0.550371
-0.494044
-0.439938
-0.388016
-0.338246
-0.290590
-0.245013
-0.201481
-0.159958
-0.120407
-0.082793
-0.047080
-0.013231
0.018789
0.049018
0.077492
0.104249
0.129324
0.152754
0.174579
0.194833
0.213556
0.230784
0.246556
0.260909
0.273881
0.285510
0.295834
0.304892
0.312721
0.319361
0.324850
0.329226
0.332529
0.334796
0.336068
0.336382
0.335778
0.334295
0.331972
0.328849
0.324964
0.320358
0.315068
0.309136
0.302601
0.295501
0.287878
0.279769
0.271216
0.262257
0.252933
0.243283
0.233347
0.223166
0.212778
0.202224
0.191543
0.180776
0.169962
0.159142
0.148355
0.137641
0.127040
0.116591
0.106336
0.096313
0.086563
0.077125
0.068039
0.059344
0.051082
0.043290
0.036010
0.029280
0.023140
0.017630
0.012789
0.008657
0.005272
0.002675
0.000905
0.000000
