1.000000
3.020147
2.072373
-0.675571
-1.760074
-0.000000
2.044153
1.675571
-0.278768
-0.784079
1.000000
2.402113
0.896802
-2.293604
-3.662187
-2.000000
0.142040
0.057537
-1.454339
-1.402113
1.000000
3.020147
2.072373
-0.675571
-1.760074
0.000000
2.044153
1.675571
-0.278768
-0.784079
1.000000
2.402113
0.896802
-2.293604
-3.662187
-2.000000
0.142040
0.057537
-1.454339
-1.402113
1.000000
3.020147
2.072373
-0.675571
-1.760074
-0.000000
2.044153
1.675571
-0.278768
-0.784079
1.000000
2.402113
0.896802
-2.293604
-3.662187
-2.000000
0.142040
0.057537
-1.454339
-1.402113
1.000000
3.020147
2.072373
-0.675571
-1.760074
0.000000
2.044153
1.675571
-0.278768
-0.784079
1.000000
2.402113
0.896802
-2.293604
-3.662187
-2.000000
0.142040
0.057537
-1.454339
-1.402113
1.000000
3.020147
2.072373
-0.675571
-1.760074
0.000000
2.044153
1.675571
-0.278768
-0.784079
1.000000
2.402113
0.896802
-2.293604
-3.662187
-2.000000
0.142040
0.057537
-1.454339
-1.402113
1.000000
3.020147
2.072373
-0.675571
-1.760074
0.000000
2.044153
1.675571
-0.278768
-0.784079
1.000000
2.402113
0.896802
-2.293604
-3.662187
-2.000000
0.142040
0.057537
-1.454339
-1.402113
1.000000
3.020147
2.072373
-0.675571
-1.760074
0.000000
2.044153
1.675571
-0.278768
-0.784079
1.000000
2.402113
0.896802
-2.293604
-3.662187
-2.000000
0.142040
0.057537
-1.454339
-1.402113
1.000000
3.020147
2.072373
-0.675571
-1.760074
0.000000
2.044153
1.675571
-0.278768
-0.784079
1.000000
2.402113
0.896802
-2.293604
-3.662187
-2.000000
0.142040
0.057537
-1.454339
-1.402113
1.000000
3.020147
2.072373
-0.675571
-1.760074
-0.000000
2.044153
1.675571
-0.278768
-0.784079
1.000000
2.402113
0.896802
-2.293604
-3.662187
-2.000000
0.142040
0.057537
-1.454339
-1.402113
1.000000
3.020147
2.072373
-0.675571
-1.760074
-0.000000
2.044153
1.675571
-0.278768
-0.784079
1.000000
2.402113
0.896802
-2.293604
-3.662187
-2.000000
0.142040
0.057537
-1.454339
-1.402113
1.000000
3.020147
2.072373
-0.675571
-1.760074
0.000000
2.044153
1.675571
-0.278768
-0.784079
1.000000
2.402113
0.896802
-2.293604
-3.662187
-2.000000
0.142040
0.057537
-1.454339
-1.402113
1.000000
3.020147
2.072373
-0.675571
-1.760074
-0.000000
2.044153
1.675571
-0.278768
-0.784079
1.000000
2.402113
0.896802
-2.293604
-3.662187
-2.000000
0.142040
0.057537
-1.454339
-1.402113
1.000000
3.020147
2.072373
-0.675571
-1.760074
0.000000
2.044153
1.675571
-0.278768
-0.784079
1.000000
2.402113
0.896802
-2.293604
-3.662187
-2.000000
0.142040
0.057537
-1.454339
-1.402113
1.000000
3.020147
2.072373
-0.675571
-1.760074
-0.000000
2.044153
1.675571
-0.278768
-0.784079
1.000000
2.402113
0.896802
-2.293604
-3.662187
-2.000000
0.142040
0.057537
-1.454339
-1.402113
1.000000
3.020147
2.072373
-0.675571
-1.760074
0.000000
2.044153
1.675571
-0.278768
-0.784079
1.000000
2.402113
0.896802
-2.293604
-3.662187
-2.000000
0.142040
0.057537
-1.454339
-1.402113
1.000000
3.020147
2.072373
-0.675571
-1.760074
-0.000000
2.044153
1.675571
-0.278768
-0.784079
1.000000
2.402113
0.896802
-2.293604
-3.662187
-2.000000
0.142040
0.057537
-1.454339
-1.402113
1.000000
3.020147
2.072373
-0.675571
-1.760074
0.000000
2.044153
1.675571
-0.278768
-0.784079
1.000000
2.402113
0.896802
-2.293604
-3.662187
-2.000000
0.142040
0.057537
-1.454339
-1.402113
1.000000
3.020147
2.072373
-0.675571
-1.760074
0.000000
2.044153
1.675571
-0.278768
-0.784079
1.000000
2.402113
0.896802
-2.293604
-3.662187
-2.000000
0.142040
0.057537
-1.454339
-1.402113
1.000000
3.020147
2.072373
-0.675571
-1.760074
0.000000
2.044153
1.675571
-0.278768
-0.784079
1.000000
2.402113
0.896802
-2.293604
-3.662187
-2.000000
0.142040
0.057537
-1.454339
-1.402113
1.000000
3.020147
2.072373
-0.675571
-1.760074
-0.000000
2.044153
1.675571
-0.278768
-0.784079
1.000000
2.402113
0.896802
-2.293604
-3.662187
-2.000000
0.142040
0.057537
-1.454339
-1.402113
1.000000
3.020147
2.072373
-0.675571
-1.760074
0.000000
2.044153
1.675571
-0.278768
-0.784079
1.000000
2.402113
0.896802
-2.293604
-3.662187
-2.000000
0.142040
0.057537
-1.454339
-1.402113
1.000000
3.020147
2.072373
-0.675571
-1.760074
-0.000000
2.044153
1.675571
-0.278768
-0.784079
1.000000
2.402113
0.896802
-2.293604
-3.662187
-2.000000
0.142040
0.057537
-1.454339
-1.402113
1.000000
3.020147
2.072373
-0.675571
-1.760074
0.000000
2.044153
1.675571
-0.278768
-0.784079
1.000000
2.402113
0.896802
-2.293604
-3.662187
-2.000000
0.142040
0.057537
-1.454339
-1.402113
1.000000
3.020147
2.072373
-0.675571
-1.760074
0.000000
2.044153
1.675571
-0.278768
-0.784079
1.000000
2.402113
0.896802
-2.293604
-3.662187
-2.000000
0.142040
0.057537
-1.454339
-1.402113
1.000000
3.020147
2.072373
-0.675571
-1.760074
-0.000000
2.044153
1.675571
-0.278768
-0.784079
1.000000
2.402113
0.896802
-2.293604
-3.662187
-2.000000
0.142040
0.057537
-1.454339
-1.402113
1.000000
3.020147
2.072373
-0.675571
-1.760074
-0.000000
2.044153
1.675571
-0.278768
-0.784079
1.000000
2.402113
0.896802
-2.293604
-3.662187
-2.000000
0.142040
0.057537
-1.454339
-1.402113
1.000000
3.020147
2.072373
-0.675571
-1.760074
0.000000
2.044153
1.675571
-0.278768
-0.784079
1.000000
2.402113
0.896802
-2.293604
-3.662187
-2.000000
0.142040
0.057537
-1.454339
-1.402113
1.000000
3.020147
2.072373
-0.675571
-1.760074
0.000000
2.044153
1.675571
-0.278768
-0.784079
1.000000
2.402113
0.896802
-2.293604
-3.662187
-2.000000
0.142040
0.057537
-1.454339
-1.402113
1.000000
3.020147
2.072373
-0.675571
-1.760074
0.000000
2.044153
1.675571
-0.278768
-0.784079
1.000000
2.402113
0.896802
-2.293604
-3.662187
-2.000000
0.142040
0.057537
-1.454339
-1.402113
1.000000
3.020147
2.072373
-0.675571
-1.760074
-0.000000
2.044153
1.675571
-0.278768
-0.784079
1.000000
2.402113
0.896802
-2.293604
-3.662187
-2.000000
0.142040
0.057537
-1.454339
-1.402113
1.000000
3.020147
2.072373
-0.675571
-1.760074
0.000000
2.044153
1.675571
-0.278768
-0.784079
1.000000
2.402113
0.896802
-2.293604
-3.662187
-2.000000
0.142040
0.057537
-1.454339
-1.402113
1.000000
3.020147
2.072373
-0.675571
-1.760074
0.000000
2.044153
1.675571
-0.278768
-0.784079
1.000000
2.402113
0.896802
-2.293604
-3.662187
-2.000000
0.142040
0.057537
-1.454339
-1.402113
1.000000
3.020147
2.072373
-0.675571
-1.760074
0.000000
2.044153
1.675571
-0.278768
-0.784079
1.000000
2.402113
0.896802
-2.293604
-3.662187
-2.000000
0.142040
0.057537
-1.454339
-1.402113
1.000000
3.020147
2.072373
-0.675571
-1.760074
0.000000
2.044153
1.675571
-0.278768
-0.784079
1.000000
2.402113
0.896802
-2.293604
-3.662187
-2.000000
0.142040
0.057537
-1.454339
-1.402113
1.000000
3.020147
2.072373
-0.675571
-1.760074
0.000000
2.044153
1.675571
-0.278768
-0.784079
1.000000
2.402113
0.896802
-2.293604
-3.662187
-2.000000
0.142040
0.057537
-1.454339
-1.402113
1.000000
3.020147
2.072373
-0.675571
-1.760074
-0.000000
2.044153
1.675571
-0.278768
-0.784079
1.000000
2.402113
0.896802
-2.293604
-3.662187
-2.000000
0.142040
0.057537
-1.454339
-1.402113
1.000000
3.020147
2.072373
-0.675571
-1.760074
-0.000000
2.044153
1.675571
-0.278768
-0.784079
1.000000
2.402113
0.896802
-2.293604
-3.662187
-2.000000
0.142040
0.057537
-1.454339
-1.402113
1.000000
3.020147
2.072373
-0.675571
-1.760074
-0.000000
2.044153
1.675571
-0.278768
-0.784079
1.000000
2.402113
0.896802
-2.293604
-3.662187
-2.000000
0.142040
0.057537
-1.454339
-1.402113
1.000000
3.020147
2.072373
-0.675571
-1.760074
-0.000000
2.044153
1.675571
-0.278768
-0.784079
1.000000
2.402113
0.896802
-2.293604
-3.662187
-2.000000
0.142040
0.057537
-1.454339
-1.402113
1.000000
3.020147
2.072373
-0.675571
-1.760074
0.000000
2.044153
1.675571
-0.278768
-0.784079
1.000000
2.402113
0.896802
-2.293604
-3.662187
-2.000000
0.142040
0.057537
-1.454339
-1.402113
1.000000
3.020147
2.072373
-0.675571
-1.760074
0.000000
2.044153
1.675571
-0.278768
-0.784079
1.000000
2.402113
0.896802
-2.293604
-3.662187
-2.000000
0.142040
0.057537
-1.454339
-1.402113
1.000000
3.020147
2.072373
-0.675571
-1.760074
0.000000
2.044153
1.675571
-0.278768
-0.784079
1.000000
2.402113
0.896802
-2.293604
-3.662187
-2.000000
0.142040
0.057537
-1.454339
-1.402113
1.000000
3.020147
2.072373
-0.675571
-1.760074
-0.000000
2.044153
1.675571
-0.278768
-0.784079
1.000000
2.402113
0.896802
-2.293604
-3.662187
-2.000000
0.142040
0.057537
-1.454339
-1.402113
1.000000
3.020147
2.072373
-0.675571
-1.760074
-0.000000
2.044153
1.675571
-0.278768
-0.784079
1.000000
2.402113
0.896802
-2.293604
-3.662187
-2.000000
0.142040
0.057537
-1.454339
-1.402113
1.000000
3.020147
2.072373
-0.675571
-1.760074
0.000000
2.044153
1.675571
-0.278768
-0.784079
1.000000
2.402113
0.896802
-2.293604
-3.662187
-2.000000
0.142040
0.057537
-1.454339
-1.402113
1.000000
3.020147
2.072373
-0.675571
-1.760074
-0.000000
2.044153
1.675571
-0.278768
-0.784079
1.000000
2.402113
0.896802
-2.293604
-3.662187
-2.000000
0.142040
0.057537
-1.454339
-1.402113
1.000000
3.020147
2.072373
-0.675571
-1.760074
0.000000
2.044153
1.675571
-0.278768
-0.784079
1.000000
2.402113
0.896802
-2.293604
-3.662187
-2.000000
0.142040
0.057537
-1.454339
-1.402113
1.000000
3.020147
2.072373
-0.675571
-1.760074
0.000000
2.044153
1.675571
-0.278768
-0.784079
1.000000
2.402113
0.896802
-2.293604
-3.662187
-2.000000
0.142040
0.057537
-1.454339
-1.402113
1.000000
3.020147
2.072373
-0.675571
-1.760074
-0.000000
2.044153
1.675571
-0.278768
-0.784079
1.000000
2.402113
0.896802
-2.293604
-3.662187
-2.000000
0.142040
0.057537
-1.454339
-1.402113
1.000000
3.020147
2.072373
-0.675571
-1.760074
0.000000
2.044153
1.675571
-0.278768
-0.784079
1.000000
2.402113
0.896802
-2.293604
-3.662187
-2.000000
0.142040
0.057537
-1.454339
-1.402113
1.000000
3.020147
2.072373
-0.675571
-1.760074
0.000000
2.044153
1.675571
-0.278768
-0.784079
1.000000
2.402113
0.896802
-2.293604
-3.662187
-2.000000
0.142040
0.057537
-1.454339
-1.402113
1.000000
3.020147
2.072373
-0.675571
